	mass A				
t	x	y	θ	ω	
0.000	7.709E-2	-0.194	-68.4	
0.033	5.781E-2	-0.201	-74.0	-177.9
0.067	3.540E-2	-0.206	-80.2	-196.6
0.100	1.053E-2	-0.208	-87.1	-203.9
0.133	-1.388E-2	-0.207	-93.8	-203.2
0.167	-3.831E-2	-0.204	-100.6	-194.3
0.200	-5.986E-2	-0.198	-106.8	-171.1
0.233	-7.773E-2	-0.192	-112.1	-143.9
0.267	-9.164E-2	-0.185	-116.4	-120.2
0.300	-0.104	-0.180	-120.1	-81.9
0.333	-0.110	-0.177	-121.8	-33.3
0.367	-0.111	-0.176	-122.3	6.1
0.400	-0.109	-0.178	-121.4	48.7
0.433	-0.101	-0.182	-119.0	92.8
0.467	-8.832E-2	-0.187	-115.2	127.6
0.500	-7.259E-2	-0.194	-110.5	153.9
0.533	-5.350E-2	-0.200	-105.0	176.3
0.567	-3.168E-2	-0.205	-98.8	191.2
0.600	-8.087E-3	-0.207	-92.2	200.4
0.633	1.657E-2	-0.207	-85.4	202.4
0.667	4.072E-2	-0.204	-78.7	190.7
0.700	6.214E-2	-0.200	-72.7	169.9
0.733	8.058E-2	-0.194	-67.4	145.3
0.767	9.537E-2	-0.187	-63.0	114.5
0.800	0.106	-0.182	-59.8	79.2
0.833	0.112	-0.178	-57.8	38.1
0.867	0.114	-0.177	-57.2	3.4
0.900	0.113	-0.177	-57.5	-29.3
0.933	0.108	-0.181	-59.2	-71.0
0.967	9.787E-2	-0.186	-62.3	-107.7
1.000	8.418E-2	-0.192	-66.4	-137.9
1.033	6.675E-2	-0.199	-71.5	-164.4
1.067	4.582E-2	-0.204	-77.3	-185.3
1.100	2.246E-2	-0.207	-83.8	-198.3
1.133	-1.972E-3	-0.208	-90.5	-204.4
1.167	-2.687E-2	-0.206	-97.4	-196.2
1.200	-4.885E-2	-0.202	-103.6	-178.5
1.233	-6.866E-2	-0.196	-109.3	-155.8
1.267	-8.427E-2	-0.189	-114.0	-131.4
1.300	-9.802E-2	-0.184	-118.1	-98.7
1.333	-0.106	-0.179	-120.6	-54.4
1.367	-0.110	-0.177	-121.7	-13.4
1.400	-0.109	-0.178	-121.5	28.8
1.433	-0.103	-0.181	-119.8	72.8
1.467	-9.290E-2	-0.185	-116.6	113.0
1.500	-7.829E-2	-0.191	-112.3	142.4
1.533	-6.079E-2	-0.197	-107.1	162.9
1.567	-4.096E-2	-0.203	-101.4	182.1
1.600	-1.803E-2	-0.207	-95.0	196.2
1.633	6.034E-3	-0.207	-88.3	195.8
1.667	2.919E-2	-0.206	-81.9	190.4
1.700	5.178E-2	-0.202	-75.6	177.6
1.733	7.141E-2	-0.197	-70.1	152.7
1.767	8.729E-2	-0.191	-65.5	120.9
1.800	9.844E-2	-0.185	-62.0	89.0
1.833	0.106	-0.181	-59.5	58.6
1.867	0.111	-0.179	-58.1	22.7
1.900	0.111	-0.178	-58.0	-15.1
1.933	0.108	-0.180	-59.1	-51.8
1.967	0.100	-0.185	-61.5	-89.6
2.000	8.833E-2	-0.190	-65.1	-120.9
2.033	7.330E-2	-0.196	-69.5	-148.0
2.067	5.424E-2	-0.202	-75.0	-172.9
2.100	3.245E-2	-0.206	-81.1	-188.0
2.133	9.022E-3	-0.208	-87.5	-194.4
2.167	-1.457E-2	-0.207	-94.0	-194.7
2.200	-3.774E-2	-0.204	-100.5	-185.2
2.233	-5.840E-2	-0.199	-106.4	-164.6
2.267	-7.567E-2	-0.192	-111.5	-139.0
2.300	-8.953E-2	-0.187	-115.6	-108.7
2.333	-9.970E-2	-0.182	-118.7	-73.2
2.367	-0.105	-0.179	-120.5	-33.2
2.400	-0.107	-0.178	-120.9	10.1
2.433	-0.103	-0.180	-119.8	53.8
2.467	-9.508E-2	-0.184	-117.3	90.6
2.500	-8.340E-2	-0.189	-113.8	123.9
2.533	-6.757E-2	-0.195	-109.1	151.3
2.567	-4.902E-2	-0.201	-103.7	170.9
2.600	-2.771E-2	-0.205	-97.7	184.7
2.633	-5.066E-3	-0.207	-91.4	194.0
2.667	1.896E-2	-0.207	-84.8	191.5
2.700	4.115E-2	-0.205	-78.6	175.6
2.733	6.105E-2	-0.200	-73.1	155.8
2.767	7.767E-2	-0.195	-68.2	133.7
2.800	9.154E-2	-0.189	-64.1	104.0
2.833	0.101	-0.184	-61.3	70.2
2.867	0.107	-0.181	-59.5	37.2
2.900	0.109	-0.179	-58.8	-0.2
2.933	0.107	-0.181	-59.5	-35.4
2.967	0.101	-0.184	-61.2	-72.3
3.000	9.082E-2	-0.189	-64.3	-106.4
3.033	7.742E-2	-0.194	-68.3	-132.0
3.067	6.087E-2	-0.200	-73.1	-155.4
3.100	4.110E-2	-0.205	-78.6	-177.2
3.133	1.849E-2	-0.207	-84.9	-187.7
3.167	-4.203E-3	-0.208	-91.2	-188.9
3.200	-2.708E-2	-0.206	-97.5	-184.9
3.233	-4.834E-2	-0.202	-103.5	-168.5
3.267	-6.642E-2	-0.196	-108.7	-144.6
3.300	-8.123E-2	-0.190	-113.1	-114.2
3.333	-9.168E-2	-0.185	-116.3	-83.0
3.367	-9.923E-2	-0.182	-118.7	-48.8
3.400	-0.102	-0.180	-119.6	-5.7
3.433	-0.100	-0.181	-119.0	32.9
3.467	-9.515E-2	-0.184	-117.4	71.7
3.500	-8.479E-2	-0.188	-114.3	105.3
3.533	-7.203E-2	-0.194	-110.4	130.4
3.567	-5.556E-2	-0.199	-105.6	158.4
3.600	-3.531E-2	-0.204	-99.8	175.7
3.633	-1.393E-2	-0.207	-93.8	180.0
3.667	7.916E-3	-0.208	-87.8	182.3
3.700	3.007E-2	-0.206	-81.7	177.8
3.733	5.067E-2	-0.203	-76.0	160.5
3.767	6.819E-2	-0.198	-71.0	140.9
3.800	8.336E-2	-0.192	-66.6	114.0
3.833	9.397E-2	-0.188	-63.4	82.3
3.867	0.101	-0.184	-61.1	50.6
3.900	0.105	-0.182	-60.0	16.0
3.933	0.105	-0.182	-60.0	-20.9
3.967	0.100	-0.184	-61.4	-56.4
4.000	9.265E-2	-0.188	-63.8	-87.5
4.033	8.108E-2	-0.193	-67.2	-117.0
4.067	6.607E-2	-0.198	-71.6	-143.3
4.100	4.768E-2	-0.203	-76.8	-166.4
4.133	2.657E-2	-0.207	-82.7	-178.0
4.167	4.868E-3	-0.208	-88.7	-184.6
4.200	-1.803E-2	-0.207	-95.0	-183.2
4.233	-3.904E-2	-0.203	-100.9	-171.9
4.267	-5.858E-2	-0.198	-106.4	-156.6
4.300	-7.536E-2	-0.193	-111.3	-131.0
4.333	-8.820E-2	-0.188	-115.2	-100.2
4.367	-9.751E-2	-0.183	-118.0	-63.8
4.400	-0.102	-0.181	-119.4	-23.3
4.433	-0.102	-0.181	-119.5	18.9
4.467	-9.793E-2	-0.183	-118.2	57.8
4.500	-8.983E-2	-0.187	-115.7	93.9
4.533	-7.705E-2	-0.192	-111.9	123.9
4.567	-6.196E-2	-0.197	-107.4	147.2
4.600	-4.335E-2	-0.202	-102.1	166.5
4.633	-2.288E-2	-0.206	-96.3	181.1
4.667	-7.900E-5	-0.207	-90.0	
