	mass A				
t	x	y	θr	ω	
0.000	5.574E-2	-0.204	-74.70	
0.034	4.772E-2	-0.202	-76.71	-27.5
0.067	4.565E-2	-0.205	-77.45	-24.4
0.101	3.959E-2	-0.207	-79.15	-25.1
0.134	3.968E-2	-0.207	-79.13	-38.3
0.168	3.023E-2	-0.207	-81.71	-86.9
0.202	1.842E-2	-0.207	-84.92	-90.6
0.235	8.160E-3	-0.208	-87.75	-83.3
0.269	-1.731E-3	-0.208	-90.48	-82.1
0.302	-1.165E-2	-0.207	-93.22	-84.9
0.336	-2.221E-2	-0.206	-96.14	-76.4
0.369	-2.999E-2	-0.205	-98.31	-55.8
0.403	-3.546E-2	-0.204	-99.86	-40.4
0.437	-3.953E-2	-0.203	-101.0	-26.4
0.470	-4.178E-2	-0.203	-101.6	-8.8
0.504	-4.166E-2	-0.203	-101.6	12.4
0.537	-3.879E-2	-0.203	-100.8	33.8
0.571	-3.357E-2	-0.204	-99.34	45.9
0.605	-2.789E-2	-0.205	-97.74	58.8
0.638	-1.959E-2	-0.206	-95.42	71.8
0.672	-1.066E-2	-0.207	-92.95	87.9
0.705	1.591E-3	-0.208	-89.56	88.7
0.739	1.077E-2	-0.208	-87.04	78.0
0.772	2.049E-2	-0.208	-84.36	81.3
0.806	3.044E-2	-0.207	-81.62	71.4
0.840	3.780E-2	-0.206	-79.60	57.0
0.873	4.425E-2	-0.205	-77.82	41.2
0.907	4.771E-2	-0.204	-76.86	33.3
0.940	5.214E-2	-0.203	-75.60	22.0
0.974	5.290E-2	-0.203	-75.39	-1.0
1.008	5.193E-2	-0.203	-75.67	-15.7
1.041	4.919E-2	-0.204	-76.44	-32.1
1.075	4.426E-2	-0.205	-77.81	-50.2
1.108	3.709E-2	-0.206	-79.79	-62.1
1.142	2.926E-2	-0.207	-81.95	-68.1
1.175	2.061E-2	-0.207	-84.32	-76.6
1.209	1.068E-2	-0.208	-87.06	-78.8
1.243	1.543E-3	-0.208	-89.57	-80.9
1.276	-8.883E-3	-0.207	-92.45	-76.6
1.310	-1.692E-2	-0.207	-94.68	-54.8
1.343	-2.196E-2	-0.205	-96.10	-45.0
1.377	-2.757E-2	-0.204	-97.68	-45.1
1.411	-3.265E-2	-0.204	-99.11	-30.2
1.444	-3.469E-2	-0.203	-99.69	-9.0
1.478	-3.475E-2	-0.203	-99.71	7.3
1.511	-3.298E-2	-0.204	-99.20	19.5
1.545	-3.024E-2	-0.205	-98.41	37.0
1.578	-2.430E-2	-0.206	-96.74	60.6
1.612	-1.574E-2	-0.206	-94.37	66.6
1.646	-8.321E-3	-0.207	-92.30	65.6
1.679	2.308E-5	-0.208	-89.99	71.4
1.713	8.915E-3	-0.208	-87.54	72.7
1.746	1.763E-2	-0.208	-85.15	70.3
1.780	2.595E-2	-0.207	-82.86	65.8
1.814	3.356E-2	-0.206	-80.76	57.1
1.847	3.974E-2	-0.205	-79.05	45.1
1.881	4.440E-2	-0.205	-77.75	32.0
1.914	4.745E-2	-0.204	-76.91	17.7
1.948	4.865E-2	-0.204	-76.58	2.0
1.981	4.794E-2	-0.204	-76.78	-11.4
2.015	4.593E-2	-0.204	-77.33	-25.5
2.049	4.181E-2	-0.205	-78.48	-41.5
2.082	3.596E-2	-0.206	-80.10	-54.2
2.116	2.877E-2	-0.207	-82.09	-61.8
2.149	2.103E-2	-0.208	-84.22	-66.8
2.183	1.255E-2	-0.208	-86.55	-68.5
2.217	4.419E-3	-0.208	-88.78	-76.4
2.250	-5.946E-3	-0.207	-91.64	-76.5
2.284	-1.405E-2	-0.207	-93.89	-56.3
2.317	-1.942E-2	-0.206	-95.39	-46.2
2.351	-2.502E-2	-0.205	-96.96	-40.4
2.384	-2.900E-2	-0.204	-98.09	-26.4
2.418	-3.125E-2	-0.204	-98.72	-10.0
2.452	-3.137E-2	-0.204	-98.75	3.2
2.485	-3.056E-2	-0.204	-98.51	17.2
2.519	-2.737E-2	-0.205	-97.61	35.5
2.552	-2.219E-2	-0.206	-96.14	51.4
2.586	-1.511E-2	-0.207	-94.18	62.4
2.620	-7.196E-3	-0.207	-91.99	63.5
2.653	2.117E-4	-0.208	-89.94	64.5
2.687	8.402E-3	-0.208	-87.69	65.2
2.720	1.601E-2	-0.208	-85.60	64.6
2.754	2.409E-2	-0.208	-83.38	61.8
2.787	3.100E-2	-0.207	-81.48	53.2
2.821	3.696E-2	-0.206	-79.83	41.6
2.855	4.101E-2	-0.205	-78.70	19.7
2.888	4.172E-2	-0.205	-78.52	21.2
2.922	4.611E-2	-0.204	-77.29	0.2
2.955	4.176E-2	-0.205	-78.50	-14.0
2.989	4.276E-2	-0.205	-78.22	-11.5
3.023	3.897E-2	-0.206	-79.27	-37.8
3.056	3.365E-2	-0.206	-80.74	-59.6
3.090	2.458E-2	-0.208	-83.24	-67.2
3.123	1.741E-2	-0.208	-85.22	-57.5
3.157	1.061E-2	-0.208	-87.08	-59.8
3.190	2.890E-3	-0.208	-89.20	-64.9
3.224	-5.092E-3	-0.208	-91.40	-59.0
3.258	-1.138E-2	-0.207	-93.14	-65.8
3.291	-2.099E-2	-0.207	-95.79	-58.9
3.325	-2.559E-2	-0.206	-97.07	-29.0
3.358	-2.785E-2	-0.205	-97.72	-18.3
3.392	-2.987E-2	-0.205	-98.29	-10.8
3.426	-3.045E-2	-0.205	-98.45	-1.4
3.459	-3.034E-2	-0.206	-98.39	14.1
3.493	-2.719E-2	-0.206	-97.51	30.3
3.526	-2.310E-2	-0.207	-96.37	41.9
3.560	-1.713E-2	-0.208	-94.72	53.6
3.593	-1.016E-2	-0.208	-92.79	67.6
3.627	-7.580E-4	-0.208	-90.21	67.7
3.661	6.272E-3	-0.209	-88.28	61.9
3.694	1.426E-2	-0.208	-86.09	58.5
3.728	2.049E-2	-0.208	-84.37	55.1
3.761	2.760E-2	-0.207	-82.41	50.1
3.795	3.264E-2	-0.207	-81.03	38.6
3.829	3.693E-2	-0.206	-79.84	28.3
3.862	3.941E-2	-0.206	-79.15	14.1
3.896	4.028E-2	-0.205	-78.90	3.7
3.929	4.029E-2	-0.205	-78.90	-7.3
3.963	3.853E-2	-0.206	-79.38	-21.9
3.996	3.505E-2	-0.206	-80.36	-33.0
4.030	3.057E-2	-0.207	-81.58	-56.9
4.064	2.136E-2	-0.209	-84.15	-67.6
4.097	1.428E-2	-0.209	-86.09	-57.0
4.131	7.468E-3	-0.209	-87.95	-51.7
4.164	1.695E-3	-0.208	-89.53	-52.3
4.198	-5.236E-3	-0.208	-91.44	-51.3
4.232	-1.067E-2	-0.207	-92.95	-57.4
4.265	-1.913E-2	-0.207	-95.27	-45.3
4.299	-2.156E-2	-0.206	-95.97	-21.5
4.332	-2.413E-2	-0.205	-96.70	-33.0
4.366	-2.971E-2	-0.207	-98.17	-9.0
4.399	-2.632E-2	-0.205	-97.30	17.8
4.433	-2.520E-2	-0.206	-96.99	5.0
4.467	-2.531E-2	-0.207	-96.97	
