,masa A,,,,
t,x,y,θr,ω,
0,000,7,323E-2,-0,264,-74,49,
0,034,4,352E-2,-0,270,-80,84,-126,4
0,067,1,365E-2,-0,273,-87,14,-129,6
0,101,-1,819E-2,-0,273,-93,81,-193,1
0,134,-4,762E-2,-0,270,-100,0,-181,6
0,168,-7,501E-2,-0,263,-105,9,-174,0
0,201,-0,101,-0,254,-111,6,-156,0
0,235,-0,121,-0,245,-116,3,-132,6
0,268,-0,139,-0,237,-120,5,-107,5
0,302,-0,152,-0,229,-123,5,-74,09
0,335,-0,159,-0,224,-125,4,-39,18
0,369,-0,162,-0,222,-126,1,-6,570
0,402,-0,161,-0,223,-125,8,27,38
0,436,-0,154,-0,226,-124,3,59,80
0,469,-0,144,-0,232,-121,8,88,93
0,503,-0,130,-0,240,-118,3,114,6
0,536,-0,112,-0,249,-114,2,136,5
0,570,-8,995E-2,-0,258,-109,2,156,7
0,603,-6,495E-2,-0,265,-103,8,172,0
0,637,-3,691E-2,-0,270,-97,77,180,2
0,670,-8,301E-3,-0,273,-91,74,182,5
0,704,2,098E-2,-0,273,-85,61,188,8
0,737,5,149E-2,-0,269,-79,16,173,5
0,771,7,556E-2,-0,264,-74,04,165,5
0,804,0,102,-0,255,-68,12,158,9
0,838,0,123,-0,246,-63,45,121,4
0,871,0,138,-0,239,-60,03,73,42
0,905,0,142,-0,233,-58,55,64,34
0,938,0,153,-0,225,-55,74,55,19
0,972,0,156,-0,222,-54,87,8,844
1,005,0,155,-0,223,-55,16,-26,26
1,039,0,150,-0,228,-56,62,-62,39
1,072,0,139,-0,235,-59,31,-95,36
1,106,0,124,-0,243,-62,98,-122,1
1,139,0,104,-0,251,-67,46,-149,2
1,173,7,970E-2,-0,259,-72,93,-169,6
1,206,5,298E-2,-0,267,-78,76,-181,2
1,240,2,371E-2,-0,271,-85,01,-190,4
1,273,-6,930E-3,-0,272,-91,46,-191,9
1,307,-3,701E-2,-0,270,-97,80,-190,4
1,340,-6,659E-2,-0,264,-104,2,-177,4
1,374,-9,176E-2,-0,257,-109,6,-163,8
1,407,-0,116,-0,247,-115,1,-143,8
1,441,-0,133,-0,238,-119,2,-103,9
1,474,-0,146,-0,234,-122,0,-77,94
1,508,-0,156,-0,228,-124,4,-54,33
1,541,-0,161,-0,224,-125,6,-21,25
1,575,-0,161,-0,223,-125,8,4,714
1,608,-0,159,-0,225,-125,3,34,74
1,642,-0,152,-0,229,-123,5,62,33
1,675,-0,141,-0,234,-121,2,89,11
1,709,-0,126,-0,242,-117,6,125,2
1,743,-0,106,-0,252,-112,8,145,9
1,776,-8,336E-2,-0,259,-107,8,156,7
1,810,-5,820E-2,-0,266,-102,4,167,8
1,843,-3,142E-2,-0,269,-96,66,175,9
1,877,-3,004E-3,-0,271,-90,64,182,8
1,910,2,610E-2,-0,270,-84,47,182,1
1,944,5,405E-2,-0,266,-78,50,174,1
1,977,7,999E-2,-0,259,-72,86,159,6
2,011,0,102,-0,252,-67,86,139,7
2,044,0,121,-0,243,-63,55,118,7
2,078,0,136,-0,236,-59,95,91,93
2,111,0,147,-0,229,-57,42,43,25
2,145,0,147,-0,227,-57,06,
2,178,,,,
2,212,0,145,-0,228,-57,62,
2,245,0,138,-0,228,-58,73,-57,74
2,279,0,127,-0,234,-61,47,-103,5
2,312,0,110,-0,243,-65,63,-137,2
2,346,8,998E-2,-0,256,-70,62,-158,7
2,379,6,462E-2,-0,263,-76,20,-174,0
2,413,3,663E-2,-0,268,-82,22,-181,8
2,446,7,953E-3,-0,271,-88,32,-185,5
2,480,-2,174E-2,-0,271,-94,58,-186,9
2,513,-5,092E-2,-0,267,-100,8,-179,5
2,547,-7,769E-2,-0,261,-106,6,-169,8
2,580,-0,103,-0,253,-112,1,-148,7
2,614,-0,122,-0,244,-116,5,-113,1
2,647,-0,136,-0,239,-119,6,-90,96
2,681,-0,148,-0,232,-122,5,-69,48
2,714,-0,155,-0,227,-124,3,-35,61
2,748,-0,157,-0,226,-124,9,-6,312
2,781,-0,156,-0,226,-124,7,18,74
2,815,-0,152,-0,228,-123,7,48,46
2,848,-0,143,-0,234,-121,5,74,81
2,882,-0,131,-0,239,-118,7,97,73
2,915,-0,115,-0,247,-115,0,132,9
2,949,-9,223E-2,-0,256,-109,8,155,9
2,982,-6,841E-2,-0,263,-104,6,158,8
3,016,-4,347E-2,-0,268,-99,22,166,5
3,049,-1,638E-2,-0,271,-93,46,175,6
3,083,1,177E-2,-0,271,-87,51,177,6
3,116,3,949E-2,-0,268,-81,62,170,7
3,150,6,500E-2,-0,263,-76,13,163,4
3,183,8,984E-2,-0,257,-70,73,138,7
3,217,0,106,-0,249,-66,89,113,6
3,250,0,122,-0,242,-63,16,98,86
3,284,0,134,-0,235,-60,30,72,81
3,317,0,143,-0,231,-58,30,43,99
3,351,0,147,-0,229,-57,36,9,230
3,384,0,145,-0,230,-57,69,-27,71
3,418,0,139,-0,233,-59,21,-59,97
3,451,0,129,-0,239,-61,69,-89,52
3,485,0,114,-0,246,-65,18,-116,7
3,519,9,493E-2,-0,253,-69,47,-129,4
3,552,7,593E-2,-0,261,-73,80,-148,7
3,586,5,020E-2,-0,268,-79,38,-172,4
3,619,2,233E-2,-0,271,-85,30,-178,3
3,653,-6,008E-3,-0,273,-91,26,-184,9
3,686,-3,613E-2,-0,270,-97,62,-180,5
3,720,-6,275E-2,-0,266,-103,3,-173,1
3,753,-8,944E-2,-0,257,-109,2,-157,4
3,787,-0,110,-0,250,-113,8,-127,1
3,820,-0,127,-0,242,-117,6,-101,5
3,854,-0,139,-0,236,-120,6,-75,73
3,887,-0,148,-0,231,-122,7,-49,39
3,921,-0,153,-0,228,-123,8,-20,53
3,954,-0,154,-0,227,-124,1,5,819
3,988,-0,151,-0,229,-123,5,52,89
4,021,-0,137,-0,232,-120,5,66,91
4,055,-0,133,-0,239,-119,0,
4,088,,,,
4,122,,,,
4,155,-7,301E-2,-0,261,-105,6,
4,189,-4,996E-2,-0,268,-100,6,152,7
4,222,-2,590E-2,-0,272,-95,45,166,6
4,256,2,566E-3,-0,273,-89,46,179,5
4,289,3,100E-2,-0,271,-83,48,168,8
4,323,5,584E-2,-0,267,-78,21,150,8
4,356,7,783E-2,-0,261,-73,43,141,3
4,390,9,867E-2,-0,254,-68,79,126,9
4,423,0,115,-0,247,-64,97,103,1
4,457,0,128,-0,240,-61,91,81,38
4,490,0,138,-0,235,-59,54,53,93
4,524,0,143,-0,232,-58,32,19,95
4,557,0,144,-0,232,-58,21,-10,41
4,591,0,140,-0,234,-59,01,-42,15
4,624,0,132,-0,238,-61,02,-60,33
4,658,0,124,-0,244,-63,04,-87,08
4,691,0,108,-0,252,-66,83,-125,9
4,725,8,714E-2,-0,259,-71,43,-148,8
4,758,6,266E-2,-0,266,-76,75,-163,9
4,792,3,635E-2,-0,271,-82,36,-174,6
4,825,7,680E-3,-0,273,-88,39,-178,2
4,859,-2,023E-2,-0,273,-94,24,-170,6
4,892,-4,636E-2,-0,269,-99,76,-162,1
4,926,-7,091E-2,-0,264,-105,0,-153,3
4,959,-9,331E-2,-0,257,-110,0,-138,2
4,993,-0,112,-0,249,-114,3,-119,3
5,026,-0,128,-0,242,-117,9,-95,90
5,060,-0,140,-0,236,-120,7,-66,98
5,093,-0,147,-0,232,-122,4,-35,11
5,127,-0,149,-0,230,-123,0,-5,143
5,160,-0,148,-0,230,-122,7,23,46
5,194,-0,143,-0,233,-121,4,51,47
5,228,-0,134,-0,238,-119,3,80,90
5,261,-0,120,-0,245,-116,0,110,4
5,295,-0,102,-0,252,-112,0,126,7
5,328,-8,236E-2,-0,260,-107,6,136,0
5,362,-6,086E-2,-0,266,-102,9,152,2
5,395,-3,534E-2,-0,270,-97,44,163,7
5,429,-9,365E-3,-0,273,-91,97,167,1
5,462,1,759E-2,-0,272,-86,31,166,6
5,496,4,336E-2,-0,270,-80,86,163,0
5,529,6,874E-2,-0,265,-75,44,151,5
5,563,9,011E-2,-0,258,-70,76,122,9
5,596,0,105,-0,251,-67,24,105,6
5,630,0,121,-0,244,-63,72,92,27
5,663,0,132,-0,239,-61,09,64,80
5,697,0,139,-0,235,-59,40,32,40
5,730,0,140,-0,233,-58,93,1,859
5,764,0,139,-0,234,-59,28,-3,995
5,797,0,141,-0,237,-59,20,-32,19
5,831,0,132,-0,242,-61,42,-93,63
5,864,0,113,-0,248,-65,44,-125,0
5,898,9,415E-2,-0,255,-69,75,-137,5
5,931,7,222E-2,-0,262,-74,61,-156,4
5,965,4,635E-2,-0,268,-80,18,-166,3
5,998,2,038E-2,-0,271,-85,70,-168,8
6,032,-6,795E-3,-0,271,-91,43,-168,6
6,065,-3,269E-2,-0,269,-96,93,-170,3
6,099,-6,011E-2,-0,265,-102,8,-162,1
6,132,-8,259E-2,-0,258,-107,7,-131,5
6,166,-9,865E-2,-0,250,-111,6,-111,1
6,199,-0,114,-0,243,-115,1,-111,1
6,233,-0,131,-0,237,-119,0,-88,30
6,266,-0,140,-0,232,-121,0,-49,81
6,300,-0,145,-0,230,-122,3,-19,69
6,333,-0,146,-0,230,-122,3,
