	masa A				
t	x	y	θr	ω	
0,000	8,038E-2	-0,261	-72,86	
0,033	8,038E-2	-0,261	-72,86	-0,1
0,067	8,033E-2	-0,261	-72,86	0,4
0,100	8,051E-2	-0,260	-72,83	1,1
0,133	8,061E-2	-0,260	-72,79	-17,4
0,167	7,514E-2	-0,262	-73,98	-24,6
0,200	7,293E-2	-0,262	-74,44	-0,7
0,233	7,516E-2	-0,263	-74,03	-0,3
0,267	7,272E-2	-0,261	-74,46	-56,9
0,300	5,759E-2	-0,267	-77,82	-109,1
0,333	3,917E-2	-0,270	-81,73	-93,4
0,367	2,832E-2	-0,272	-84,05	-76,2
0,400	1,521E-2	-0,273	-86,81	-87,8
0,433	4,628E-4	-0,273	-89,90	-93,8
0,467	-1,463E-2	-0,273	-93,07	-93,6
0,500	-2,930E-2	-0,272	-96,15	-92,6
0,533	-4,406E-2	-0,271	-99,24	-88,0
0,567	-5,719E-2	-0,269	-102,0	-75,6
0,600	-6,785E-2	-0,267	-104,3	-59,9
0,633	-7,590E-2	-0,265	-106,0	-46,5
0,667	-8,230E-2	-0,263	-107,4	-34,5
0,700	-8,654E-2	-0,262	-108,3	-18,1
0,733	-8,784E-2	-0,261	-108,6	-1,0
0,767	-8,687E-2	-0,262	-108,4	17,4
0,800	-8,247E-2	-0,263	-107,4	32,0
0,833	-7,699E-2	-0,264	-106,2	43,9
0,867	-6,885E-2	-0,266	-104,5	65,1
0,900	-5,654E-2	-0,268	-101,9	77,2
0,933	-4,454E-2	-0,271	-99,35	78,8
0,967	-3,168E-2	-0,272	-96,64	86,5
1,000	-1,709E-2	-0,273	-93,58	85,3
1,033	-4,548E-3	-0,273	-90,95	90,3
1,067	1,166E-2	-0,273	-87,56	87,2
1,100	2,315E-2	-0,272	-85,14	84,6
1,133	3,837E-2	-0,270	-81,92	91,8
1,167	5,193E-2	-0,268	-79,02	76,1
1,200	6,203E-2	-0,265	-76,84	58,7
1,233	7,004E-2	-0,263	-75,10	44,6
1,267	7,565E-2	-0,262	-73,87	27,3
1,300	7,832E-2	-0,261	-73,29	10,9
1,333	7,898E-2	-0,261	-73,14	-3,5
1,367	7,724E-2	-0,261	-73,52	-22,7
1,400	7,210E-2	-0,263	-74,65	-38,8
1,433	6,542E-2	-0,265	-76,11	-50,1
1,467	5,671E-2	-0,266	-77,99	-62,4
1,500	4,607E-2	-0,269	-80,27	-74,3
1,533	3,352E-2	-0,271	-82,94	-84,7
1,567	1,945E-2	-0,272	-85,92	-87,8
1,600	5,750E-3	-0,273	-88,79	-92,2
1,633	-9,833E-3	-0,273	-92,06	-92,6
1,667	-2,370E-2	-0,273	-94,97	-85,3
1,700	-3,696E-2	-0,272	-97,75	-83,7
1,733	-5,016E-2	-0,269	-100,5	-74,2
1,767	-6,024E-2	-0,267	-102,7	-65,3
1,800	-7,068E-2	-0,266	-104,9	-57,0
1,833	-7,812E-2	-0,264	-106,5	-34,6
1,867	-8,114E-2	-0,262	-107,2	-18,8
1,900	-8,360E-2	-0,261	-107,7	-7,9
1,933	-8,361E-2	-0,261	-107,7	9,3
1,967	-8,077E-2	-0,262	-107,1	24,9
2,000	-7,602E-2	-0,264	-106,1	39,0
2,033	-6,891E-2	-0,266	-104,5	52,8
2,067	-5,970E-2	-0,268	-102,6	64,8
2,100	-4,862E-2	-0,270	-100,2	76,6
2,133	-3,552E-2	-0,271	-97,45	83,7
2,167	-2,211E-2	-0,273	-94,63	87,4
2,200	-7,758E-3	-0,274	-91,62	89,7
2,233	6,428E-3	-0,273	-88,65	87,5
2,267	2,003E-2	-0,272	-85,79	84,9
2,300	3,330E-2	-0,271	-82,99	84,0
2,333	4,650E-2	-0,269	-80,19	73,5
2,367	5,626E-2	-0,267	-78,09	59,2
2,400	6,476E-2	-0,264	-76,24	48,4
2,433	7,113E-2	-0,263	-74,86	36,9
2,467	7,601E-2	-0,261	-73,78	22,8
2,500	7,800E-2	-0,261	-73,34	3,9
2,533	7,718E-2	-0,261	-73,52	-14,0
2,567	7,373E-2	-0,262	-74,28	-29,0
2,600	6,840E-2	-0,264	-75,46	-46,1
2,633	5,964E-2	-0,266	-77,35	-57,9
2,667	5,053E-2	-0,268	-79,31	-65,7
2,700	3,924E-2	-0,270	-81,73	-82,1
2,733	2,478E-2	-0,272	-84,79	-91,7
2,767	1,027E-2	-0,273	-87,84	-91,9
2,800	-4,359E-3	-0,274	-90,91	-88,2
2,833	-1,778E-2	-0,273	-93,73	-88,5
2,867	-3,251E-2	-0,272	-96,82	-85,0
2,900	-4,470E-2	-0,270	-99,40	-74,1
2,933	-5,582E-2	-0,268	-101,8	-77,1
2,967	-6,939E-2	-0,268	-104,5	-57,8
3,000	-7,389E-2	-0,264	-105,6	-41,9
3,033	-8,249E-2	-0,264	-107,3	-35,2
3,067	-8,543E-2	-0,264	-108,0	-12,1
3,100	-8,624E-2	-0,263	-108,1	4,2
3,133	-8,413E-2	-0,264	-107,7	26,1
3,167	-7,750E-2	-0,264	-106,4	41,3
3,200	-7,067E-2	-0,265	-104,9	48,1
3,233	-6,254E-2	-0,267	-103,2	60,7
3,267	-5,172E-2	-0,269	-100,9	68,6
3,300	-4,105E-2	-0,271	-98,61	77,2
3,333	-2,735E-2	-0,273	-95,73	87,0
3,367	-1,341E-2	-0,273	-92,81	103,6
3,400	5,601E-3	-0,272	-88,82	103,8
3,433	1,952E-2	-0,272	-85,89	79,8
3,467	3,083E-2	-0,271	-83,50	72,1
3,500	4,227E-2	-0,269	-81,08	67,5
3,533	5,199E-2	-0,268	-79,01	65,5
3,567	6,250E-2	-0,265	-76,71	56,5
3,600	6,929E-2	-0,263	-75,24	37,0
3,633	7,383E-2	-0,262	-74,25	23,3
3,667	7,637E-2	-0,261	-73,68	8,6
3,700	7,641E-2	-0,261	-73,68	-8,6
3,733	7,378E-2	-0,262	-74,26	-24,2
3,767	6,902E-2	-0,263	-75,29	-37,8
3,800	6,220E-2	-0,265	-76,78	-53,0
3,833	5,276E-2	-0,267	-78,83	-65,0
3,867	4,217E-2	-0,270	-81,11	-71,0
3,900	3,059E-2	-0,271	-83,56	-82,8
3,933	1,605E-2	-0,273	-86,63	-97,3
3,967	-2,467E-4	-0,273	-90,05	-93,9
4,000	-1,380E-2	-0,273	-92,89	-85,0
4,033	-2,728E-2	-0,273	-95,72	-82,7
4,067	-4,006E-2	-0,271	-98,41	-84,1
4,100	-5,400E-2	-0,270	-101,3	-77,6
4,133	-6,467E-2	-0,268	-103,6	-58,7
4,167	-7,235E-2	-0,266	-105,2	-46,2
4,200	-7,909E-2	-0,264	-106,7	-29,0
4,233	-8,097E-2	-0,262	-107,2	-11,7
4,267	-8,222E-2	-0,262	-107,4	-1,2
4,300	-8,129E-2	-0,262	-107,2	7,9
4,333	-8,033E-2	-0,264	-106,9	27,2
4,367	-7,319E-2	-0,265	-105,4	33,4
4,400	-6,988E-2	-0,267	-104,7	40,6
4,433	-6,036E-2	-0,267	-102,7	87,6
4,467	-4,211E-2	-0,270	-98,85	114,4
4,500	-2,415E-2	-0,271	-95,10	84,7
4,533	-1,527E-2	-0,273	-93,20	67,7
4,567	-2,795E-3	-0,273	-90,59	83,6
4,600	1,128E-2	-0,273	-87,63	81,2
4,633	2,294E-2	-0,272	-85,17	75,5
4,667	3,513E-2	-0,270	-82,60	74,3
4,700	4,634E-2	-0,269	-80,22	75,2
4,733	5,856E-2	-0,266	-77,58	65,3
4,767	6,648E-2	-0,264	-75,87	42,8
4,800	7,165E-2	-0,262	-74,73	28,1
4,833	7,499E-2	-0,261	-73,99	13,7
4,867	7,577E-2	-0,261	-73,82	-3,1
4,900	7,404E-2	-0,262	-74,20	-18,0
4,933	7,032E-2	-0,263	-75,02	-31,3
4,967	6,461E-2	-0,265	-76,28	-44,2
5,000	5,685E-2	-0,267	-77,96	-56,5
5,033	4,708E-2	-0,268	-80,05	-76,1
5,067	3,308E-2	-0,271	-83,04	-86,8
5,100	1,983E-2	-0,272	-85,83	-85,2
5,133	6,108E-3	-0,273	-88,72	-94,5
5,167	-1,019E-2	-0,273	-92,14	-92,2
5,200	-2,323E-2	-0,273	-94,87	-81,1
5,233	-3,591E-2	-0,271	-97,54	-75,8
5,267	-4,714E-2	-0,269	-99,92	-71,1
5,300	-5,815E-2	-0,267	-102,3	-65,2
5,333	-6,744E-2	-0,265	-104,3	-51,9
5,367	-7,429E-2	-0,264	-105,7	-37,5
5,400	-7,900E-2	-0,262	-106,8	-22,5
5,433	-8,121E-2	-0,262	-107,2	-7,1
5,467	-8,122E-2	-0,262	-107,2	9,5
5,500	-7,825E-2	-0,262	-106,6	23,7
5,533	-7,409E-2	-0,264	-105,7	36,8
5,567	-6,710E-2	-0,266	-104,2	52,4
5,600	-5,781E-2	-0,268	-102,2	62,3
5,633	-4,757E-2	-0,270	-100,00	69,8
5,667	-3,584E-2	-0,272	-97,52	78,3
5,700	-2,280E-2	-0,273	-94,77	
