	mass A				
t	x	y	θ	ω	
0.000	4.559E-2	-0.203	-77.4	
0.034	3.890E-2	-0.205	-79.2	-39.6
0.067	3.144E-2	-0.206	-81.3	-46.8
0.101	2.207E-2	-0.207	-83.9	-78.0
0.134	1.258E-2	-0.208	-86.5	-81.9
0.168	2.242E-3	-0.208	-89.4	-84.5
0.201	-7.850E-3	-0.207	-92.2	-80.6
0.235	-1.718E-2	-0.207	-94.8	-73.3
0.269	-2.546E-2	-0.206	-97.1	-63.6
0.302	-3.244E-2	-0.205	-99.0	-50.7
0.336	-3.748E-2	-0.204	-100.4	-34.9
0.369	-4.069E-2	-0.203	-101.3	-19.0
0.403	-4.203E-2	-0.203	-101.7	-3.2
0.436	-4.147E-2	-0.203	-101.5	14.0
0.470	-3.871E-2	-0.204	-100.8	31.7
0.503	-3.393E-2	-0.204	-99.4	47.0
0.537	-2.752E-2	-0.205	-97.6	59.8
0.571	-1.965E-2	-0.206	-95.4	70.5
0.604	-1.062E-2	-0.207	-92.9	78.4
0.638	-7.815E-4	-0.208	-90.2	82.3
0.671	9.257E-3	-0.208	-87.4	81.6
0.705	1.897E-2	-0.208	-84.8	79.6
0.738	2.847E-2	-0.206	-82.1	73.8
0.772	3.674E-2	-0.205	-79.9	63.9
0.806	4.386E-2	-0.204	-77.9	51.5
0.839	4.911E-2	-0.203	-76.4	37.3
0.873	5.276E-2	-0.202	-75.4	21.3
0.906	5.417E-2	-0.202	-75.0	2.4
0.940	5.338E-2	-0.202	-75.2	-14.9
0.973	5.065E-2	-0.203	-76.0	-31.4
1.007	4.592E-2	-0.204	-77.3	-46.3
1.041	3.956E-2	-0.205	-79.1	-58.9
1.074	3.175E-2	-0.206	-81.2	-70.4
1.108	2.260E-2	-0.207	-83.8	-77.4
1.141	1.303E-2	-0.208	-86.4	-82.0
1.175	2.752E-3	-0.208	-89.2	-83.3
1.208	-7.138E-3	-0.208	-92.0	-77.6
1.242	-1.600E-2	-0.207	-94.4	-70.2
1.275	-2.402E-2	-0.206	-96.7	-61.4
1.309	-3.069E-2	-0.205	-98.5	-49.0
1.343	-3.568E-2	-0.204	-99.9	-34.8
1.376	-3.891E-2	-0.203	-100.8	-17.5
1.410	-3.980E-2	-0.203	-101.1	-0.3
1.443	-3.894E-2	-0.203	-100.8	15.6
1.477	-3.610E-2	-0.204	-100.0	28.6
1.510	-3.218E-2	-0.204	-98.9	38.9
1.544	-2.684E-2	-0.205	-97.4	53.5
1.578	-1.943E-2	-0.206	-95.4	67.7
1.611	-1.061E-2	-0.207	-92.9	75.4
1.645	-1.280E-3	-0.207	-90.4	80.3
1.678	8.749E-3	-0.207	-87.6	80.4
1.712	1.810E-2	-0.207	-85.0	71.0
1.745	2.585E-2	-0.206	-82.8	65.8
1.779	3.391E-2	-0.205	-80.6	61.4
1.812	4.052E-2	-0.204	-78.8	48.3
1.846	4.538E-2	-0.203	-77.4	33.5
1.880	4.844E-2	-0.202	-76.5	17.9
1.913	4.961E-2	-0.202	-76.2	2.0
1.947	4.894E-2	-0.202	-76.4	-16.4
1.980	4.578E-2	-0.203	-77.3	-32.9
2.014	4.118E-2	-0.204	-78.6	-43.2
2.047	3.550E-2	-0.205	-80.2	-55.9
2.081	2.786E-2	-0.206	-82.3	-66.5
2.115	1.954E-2	-0.207	-84.6	-72.8
2.148	1.032E-2	-0.208	-87.2	-78.3
2.182	6.118E-4	-0.208	-89.8	-79.6
2.215	-8.945E-3	-0.208	-92.5	-74.2
2.249	-1.732E-2	-0.207	-94.8	-65.9
2.282	-2.480E-2	-0.206	-96.9	-57.4
2.316	-3.108E-2	-0.205	-98.6	-45.5
2.350	-3.564E-2	-0.204	-99.9	-31.4
2.383	-3.851E-2	-0.204	-100.7	-17.1
2.417	-3.969E-2	-0.204	-101.0	-0.6
2.450	-3.865E-2	-0.204	-100.7	16.7
2.484	-3.574E-2	-0.204	-99.9	31.2
2.517	-3.122E-2	-0.205	-98.7	43.5
2.551	-2.539E-2	-0.206	-97.0	56.2
2.584	-1.776E-2	-0.207	-94.9	66.2
2.618	-9.452E-3	-0.208	-92.6	72.3
2.652	-3.154E-4	-0.208	-90.1	75.6
2.685	8.811E-3	-0.208	-87.6	76.2
2.719	1.808E-2	-0.207	-85.0	74.9
2.752	2.686E-2	-0.206	-82.6	68.3
2.786	3.452E-2	-0.205	-80.5	54.2
2.819	3.984E-2	-0.204	-79.0	42.0
2.853	4.451E-2	-0.203	-77.7	32.7
2.887	4.758E-2	-0.203	-76.8	17.5
2.920	4.864E-2	-0.202	-76.5	-1.3
2.954	4.723E-2	-0.203	-76.9	-17.2
2.987	4.457E-2	-0.203	-77.6	-28.8
3.021	4.046E-2	-0.204	-78.8	-41.3
3.054	3.476E-2	-0.205	-80.4	-55.1
3.088	2.728E-2	-0.206	-82.5	-66.0
3.122	1.889E-2	-0.207	-84.8	-72.2
3.155	9.866E-3	-0.208	-87.3	-74.8
3.189	7.985E-4	-0.208	-89.8	-74.6
3.222	-8.170E-3	-0.207	-92.3	-72.1
3.256	-1.659E-2	-0.207	-94.6	-65.6
3.289	-2.395E-2	-0.206	-96.6	-56.2
3.323	-3.005E-2	-0.205	-98.3	-43.4
3.356	-3.426E-2	-0.204	-99.5	-30.0
3.390	-3.717E-2	-0.204	-100.3	-15.1
3.424	-3.786E-2	-0.204	-100.5	0.6
3.457	-3.705E-2	-0.204	-100.3	15.8
3.491	-3.415E-2	-0.205	-99.5	30.3
3.524	-2.985E-2	-0.205	-98.3	44.8
3.558	-2.348E-2	-0.206	-96.5	56.3
3.591	-1.637E-2	-0.207	-94.5	62.8
3.625	-8.350E-3	-0.208	-92.3	70.2
3.659	5.857E-4	-0.208	-89.8	74.1
3.692	9.581E-3	-0.208	-87.4	72.7
3.726	1.818E-2	-0.207	-85.0	69.8
3.759	2.645E-2	-0.207	-82.7	63.9
3.793	3.356E-2	-0.206	-80.7	53.1
3.826	3.918E-2	-0.205	-79.2	41.9
3.860	4.356E-2	-0.204	-77.9	27.8
3.894	4.578E-2	-0.203	-77.3	12.6
3.927	4.656E-2	-0.203	-77.1	-0.1
3.961	4.575E-2	-0.203	-77.3	-13.1
3.994	4.350E-2	-0.204	-78.0	-28.5
4.028	3.901E-2	-0.205	-79.2	-43.3
4.061	3.319E-2	-0.206	-80.9	-54.4
4.095	2.595E-2	-0.207	-82.8	-64.3
4.128	1.765E-2	-0.207	-85.1	-70.5
4.162	8.924E-3	-0.208	-87.5	-73.4
4.196	-1.038E-4	-0.208	-90.0	-70.8
4.229	-8.200E-3	-0.207	-92.3	-67.7
4.263	-1.644E-2	-0.207	-94.5	-63.7
4.296	-2.352E-2	-0.206	-96.5	-53.9
4.330	-2.937E-2	-0.205	-98.1	-41.8
4.363	-3.350E-2	-0.205	-99.3	-28.3
4.397	-3.608E-2	-0.204	-100.0	-13.4
4.431	-3.662E-2	-0.204	-100.2	1.4
4.464	-3.579E-2	-0.204	-99.9	15.4
4.498	-3.302E-2	-0.205	-99.2	30.2
4.531	-2.856E-2	-0.205	-97.9	43.9
4.565	-2.251E-2	-0.206	-96.2	55.8
4.598	-1.518E-2	-0.207	-94.2	62.6
4.632	-7.462E-3	-0.208	-92.1	67.5
4.666	1.104E-3	-0.208	-89.7	69.5
4.699	9.335E-3	-0.207	-87.4	71.4
4.733	1.834E-2	-0.207	-84.9	69.1
4.766	2.599E-2	-0.206	-82.8	62.4
4.800	3.332E-2	-0.205	-80.8	53.6
4.833	3.884E-2	-0.204	-79.2	
