,masa A,,,,
t,x,y,θr,ω,
0,000,6,514E-2,-0,262,-76,06,
0,034,6,470E-2,-0,262,-76,14,-4,2
0,067,6,309E-2,-0,262,-76,48,-10,6
0,101,5,975E-2,-0,263,-77,21,-29,7
0,134,5,404E-2,-0,265,-78,46,-40,6
0,168,4,741E-2,-0,267,-79,92,-47,5
0,201,3,937E-2,-0,268,-81,63,-57,1
0,235,2,954E-2,-0,268,-83,72,-88,5
0,268,1,167E-2,-0,270,-87,53,-93,6
0,302,2,042E-4,-0,271,-89,96,-73,1
0,335,-1,132E-2,-0,270,-92,40,-72,9
0,369,-2,274E-2,-0,270,-94,81,-70,3
0,402,-3,344E-2,-0,269,-97,08,-64,7
0,436,-4,310E-2,-0,268,-99,13,-59,7
0,470,-5,208E-2,-0,266,-101,1,-51,0
0,503,-5,892E-2,-0,265,-102,5,-38,8
0,537,-6,415E-2,-0,264,-103,6,-6,7
0,570,-6,013E-2,-0,261,-103,0,5,6
0,604,-6,151E-2,-0,261,-103,3,-1,9
0,637,-6,070E-2,-0,261,-103,1,-8,9
0,671,-6,527E-2,-0,264,-103,9,2,7
0,704,-6,077E-2,-0,265,-102,9,34,6
0,738,-5,443E-2,-0,266,-101,6,47,1
0,771,-4,613E-2,-0,268,-99,78,57,2
0,805,-3,654E-2,-0,269,-97,75,62,1
0,838,-2,662E-2,-0,270,-95,64,66,6
0,872,-1,560E-2,-0,270,-93,31,70,1
0,905,-4,550E-3,-0,270,-90,96,70,2
0,939,6,485E-3,-0,270,-88,62,68,6
0,973,1,700E-2,-0,270,-86,39,65,7
1,006,2,709E-2,-0,269,-84,25,61,5
1,040,3,629E-2,-0,268,-82,30,52,7
1,073,4,357E-2,-0,267,-80,73,42,3
1,107,4,945E-2,-0,266,-79,47,30,8
1,140,5,299E-2,-0,265,-78,68,22,4
1,174,5,654E-2,-0,265,-77,98,12,2
1,207,5,705E-2,-0,265,-77,87,-3,3
1,241,5,555E-2,-0,266,-78,19,-19,5
1,274,5,092E-2,-0,266,-79,17,-32,4
1,308,4,538E-2,-0,267,-80,36,-40,3
1,341,3,837E-2,-0,268,-81,85,-50,2
1,375,2,973E-2,-0,269,-83,70,-59,1
1,409,1,988E-2,-0,270,-85,79,-66,2
1,442,8,901E-3,-0,271,-88,12,-69,6
1,476,-2,061E-3,-0,271,-90,44,-71,8
1,509,-1,374E-2,-0,271,-92,90,-71,4
1,543,-2,458E-2,-0,270,-95,19,-67,0
1,576,-3,487E-2,-0,270,-97,37,-65,5
1,610,-4,491E-2,-0,267,-99,56,-55,6
1,643,-5,232E-2,-0,267,-101,1,-45,0
1,677,-5,916E-2,-0,266,-102,6,-36,7
1,710,-6,371E-2,-0,265,-103,5,-20,1
1,744,-6,579E-2,-0,266,-103,9,-10,6
1,777,-6,712E-2,-0,265,-104,2,-2,1
1,811,-6,625E-2,-0,265,-104,0,10,5
1,845,-6,371E-2,-0,265,-103,5,22,9
1,878,-5,887E-2,-0,265,-102,5,35,7
1,912,-5,252E-2,-0,266,-101,2,45,6
1,945,-4,468E-2,-0,268,-99,47,53,5
1,979,-3,580E-2,-0,269,-97,59,59,7
2,012,-2,589E-2,-0,269,-95,49,65,7
2,046,-1,515E-2,-0,270,-93,21,69,3
2,079,-4,121E-3,-0,270,-90,87,69,2
2,113,6,616E-3,-0,270,-88,60,67,1
2,146,1,695E-2,-0,270,-86,40,63,6
2,180,2,658E-2,-0,269,-84,36,57,8
2,213,3,509E-2,-0,268,-82,55,50,0
2,247,4,218E-2,-0,267,-81,03,41,0
2,280,4,778E-2,-0,266,-79,81,36,4
2,314,5,385E-2,-0,267,-78,60,23,9
2,348,5,565E-2,-0,267,-78,22,5,6
2,381,5,564E-2,-0,267,-78,22,-11,8
2,415,5,162E-2,-0,266,-79,01,-24,3
2,448,4,772E-2,-0,266,-79,84,-29,7
2,482,4,240E-2,-0,267,-80,99,-41,2
2,515,3,487E-2,-0,268,-82,59,-51,8
2,549,2,621E-2,-0,269,-84,44,-58,5
2,582,1,654E-2,-0,270,-86,49,-63,6
2,616,6,225E-3,-0,270,-88,68,-68,1
2,649,-4,861E-3,-0,271,-91,03,-69,8
2,683,-1,582E-2,-0,271,-93,34,-67,2
2,716,-2,613E-2,-0,271,-95,51,-63,9
2,750,-3,601E-2,-0,270,-97,59,-58,6
2,784,-4,467E-2,-0,269,-99,42,-53,6
2,817,-5,277E-2,-0,267,-101,2,-44,3
2,851,-5,853E-2,-0,267,-102,4,-30,1
2,884,-6,239E-2,-0,267,-103,2,-0,7
2,918,-5,807E-2,-0,264,-102,4,9,5
2,951,-5,866E-2,-0,264,-102,5,2,0
2,985,-5,746E-2,-0,264,-102,3,-6,1
3,018,-6,117E-2,-0,266,-102,9,6,4
3,052,-5,617E-2,-0,267,-101,9,36,0
3,085,-4,975E-2,-0,267,-100,5,44,8
3,119,-4,200E-2,-0,269,-98,88,53,3
3,152,-3,302E-2,-0,270,-96,99,59,2
3,186,-2,333E-2,-0,270,-94,93,64,3
3,220,-1,280E-2,-0,271,-92,70,66,8
3,253,-2,262E-3,-0,271,-90,48,66,7
3,287,8,253E-3,-0,271,-88,25,65,5
3,320,1,837E-2,-0,270,-86,11,60,5
3,354,2,729E-2,-0,269,-84,22,54,8
3,387,3,554E-2,-0,268,-82,46,47,1
3,421,4,202E-2,-0,268,-81,08,37,5
3,454,4,726E-2,-0,267,-79,95,28,6
3,488,5,098E-2,-0,266,-79,17,17,1
3,521,5,263E-2,-0,266,-78,81,4,1
3,555,5,230E-2,-0,266,-78,90,-8,5
3,588,5,000E-2,-0,267,-79,38,-20,0
3,622,4,607E-2,-0,267,-80,23,-30,1
3,655,4,074E-2,-0,269,-81,39,-44,6
3,689,3,193E-2,-0,268,-83,20,-54,5
3,723,2,342E-2,-0,269,-85,02,-55,5
3,756,1,468E-2,-0,271,-86,90,-61,1
3,790,4,307E-3,-0,272,-89,09,-68,9
3,823,-7,059E-3,-0,270,-91,50,-69,8
3,857,-1,767E-2,-0,270,-93,74,-66,4
3,890,-2,792E-2,-0,269,-95,92,-63,3
3,924,-3,753E-2,-0,268,-97,96,-57,3
3,957,-4,590E-2,-0,267,-99,75,-50,2
3,991,-5,325E-2,-0,266,-101,3,-39,5
4,024,-5,842E-2,-0,266,-102,4,-22,1
4,058,-6,077E-2,-0,268,-102,8,10,5
4,091,-5,527E-2,-0,267,-101,7,
4,125,-5,047E-2,,,
4,159,,,,
4,192,,,,
4,226,-4,587E-2,-0,262,-99,92,
4,259,-3,950E-2,-0,263,-98,53,
4,293,-3,200E-2,-0,265,-96,89,
4,326,-2,319E-2,-0,266,-94,99,
4,360,-1,132E-2,-0,266,-92,44,
4,393,-7,506E-4,-0,267,-90,16,
4,427,7,605E-3,-0,267,-88,37,
4,460,1,752E-2,-0,267,-86,24,
4,494,2,705E-2,-0,266,-84,20,
4,527,3,560E-2,-0,265,-82,35,
4,561,4,386E-2,-0,264,-80,58,
4,595,5,091E-2,-0,264,-79,08,
4,628,5,621E-2,-0,263,-77,95,
4,662,5,928E-2,-0,263,-77,29,
4,695,5,222E-2,-0,264,-78,81,
4,729,5,989E-2,-0,263,-77,16,
4,762,5,743E-2,-0,263,-77,69,
4,796,5,291E-2,-0,264,-78,65,
4,829,4,689E-2,-0,264,-79,94,
4,863,3,858E-2,-0,265,-81,73,
4,896,2,288E-2,-0,267,-85,11,
4,930,1,350E-2,-0,268,-87,11,
4,963,3,335E-3,-0,268,-89,29,
4,997,-6,984E-3,-0,268,-91,49,
5,030,-1,712E-2,-0,268,-93,66,
5,064,-2,691E-2,-0,267,-95,75,
5,098,-3,614E-2,-0,266,-97,73,
5,131,-4,438E-2,-0,265,-99,49,
5,165,-5,110E-2,-0,264,-100,9,
5,198,-5,577E-2,-0,263,-102,0,
5,232,-5,941E-2,-0,263,-102,7,
5,265,-6,148E-2,-0,263,-103,2,
5,299,-6,143E-2,-0,263,-103,2,
5,332,-5,914E-2,-0,263,-102,7,
5,366,-5,579E-2,-0,264,-102,0,
5,399,-5,059E-2,-0,265,-100,8,
5,433,-4,406E-2,-0,266,-99,42,
5,466,-3,645E-2,-0,267,-97,79,
5,500,-2,779E-2,-0,267,-95,93,
