 masa A    
t x y θr ω 
0,000 0,219 -0,150 -34,28 
0,033 0,219 -0,151 -34,57 -24,7
0,067 0,217 -0,157 -35,93 -51,7
0,100 0,215 -0,168 -38,02 -81,6
0,133 0,204 -0,180 -41,37 -133,9
0,167 0,186 -0,199 -46,94 -182,4
0,200 0,161 -0,218 -53,53 -207,9
0,233 0,133 -0,237 -60,81 -245,6
0,267 9,290E-2 -0,254 -69,90 -273,1
0,300 5,119E-2 -0,264 -79,01 -272,4
0,333 9,057E-3 -0,268 -88,07 -289,6
0,367 -3,861E-2 -0,264 -98,32 -295,1
0,400 -8,116E-2 -0,254 -107,7 -267,2
0,433 -0,117 -0,238 -116,1 -237,3
0,467 -0,146 -0,220 -123,6 -207,3
0,500 -0,169 -0,202 -130,0 -187,3
0,533 -0,190 -0,183 -136,0 -162,2
0,567 -0,205 -0,168 -140,8 -116,3
0,600 -0,217 -0,159 -143,8 -62,5
0,633 -0,220 -0,155 -144,9 -10,3
0,667 -0,219 -0,156 -144,5 36,0
0,700 -0,213 -0,164 -142,5 98,8
0,733 -0,195 -0,176 -137,9 127,6
0,767 -0,186 -0,192 -134,0 125,7
0,800 -0,168 -0,203 -129,5 171,7
0,833 -0,141 -0,221 -122,6 264,3
0,867 -9,909E-2 -0,247 -111,9 271,4
0,900 -6,801E-2 -0,263 -104,5 
0,933    
0,967 2,657E-2 -0,273 -84,44 
1,000 6,530E-2 -0,263 -76,06 
1,033    
1,067 0,137 -0,239 -60,08 
1,100 0,166 -0,218 -52,68 197,1
1,133 0,186 -0,199 -46,94 162,4
1,167 0,203 -0,182 -41,85 134,9
1,200 0,215 -0,168 -37,95 94,5
1,233 0,222 -0,159 -35,56 48,1
1,267 0,224 -0,155 -34,74 2,6
1,300 0,222 -0,158 -35,38 -43,9
1,333 0,215 -0,166 -37,67 -87,9
1,367 0,204 -0,179 -41,24 -112,5
1,400 0,191 -0,192 -45,17 -149,4
1,433 0,170 -0,211 -51,20 -206,8
1,467 0,140 -0,232 -58,96 -253,8
1,500 0,100 -0,250 -68,12 -285,9
1,533 5,568E-2 -0,262 -78,02 -258,6
1,567 2,207E-2 -0,272 -85,36 
1,600    
1,633 -7,161E-2 -0,261 -105,3 
1,667 -0,111 -0,246 -114,3 -245,2
1,700 -0,140 -0,227 -121,7 -235,3
1,733 -0,172 -0,205 -130,0 -225,0
1,767 -0,195 -0,184 -136,7 -157,1
1,800 -0,209 -0,172 -140,5 -97,9
1,833 -0,218 -0,163 -143,2 -43,2
1,867 -0,212 -0,158 -143,4 0,9
1,900 -0,211 -0,158 -143,1 33,5
1,933 -0,205 -0,165 -141,2 77,0
1,967 -0,196 -0,177 -138,0 118,2
2,000 -0,181 -0,192 -133,3 147,8
2,033 -0,164 -0,208 -128,2 186,0
2,067 -0,136 -0,227 -120,9 214,4
2,100 -0,107 -0,243 -113,9 229,7
2,133 -7,164E-2 -0,257 -105,6 258,7
2,167 -3,080E-2 -0,265 -96,62 269,1
2,200 1,111E-2 -0,268 -87,63 264,9
2,233 5,143E-2 -0,264 -78,96 260,9
2,267 9,106E-2 -0,253 -70,24 252,5
2,300 0,126 -0,239 -62,13 231,1
2,333 0,156 -0,221 -54,83 201,6
2,367 0,179 -0,204 -48,69 167,2
2,400 0,196 -0,187 -43,68 129,3
2,433 0,205 -0,173 -40,07 85,6
2,467 0,211 -0,164 -37,98 47,5
2,500 0,214 -0,161 -36,90 5,4
2,533 0,211 -0,163 -37,62 -32,2
2,567 0,210 -0,170 -39,04 -70,2
2,600 0,201 -0,182 -42,30 -89,0
2,633 0,192 -0,191 -44,98 -116,5
2,667 0,173 -0,207 -50,07 -183,5
2,700 0,146 -0,227 -57,21 -264,2
2,733 0,103 -0,250 -67,68 
2,767    
2,800 2,207E-2 -0,270 -85,33 
2,833 -2,117E-2 -0,271 -94,46 -295,0
2,867 -7,031E-2 -0,263 -105,0 
2,900    
2,933 -0,140 -0,231 -121,2 
2,967 -0,169 -0,211 -128,7 
3,000    
3,033 -0,201 -0,178 -138,5 
3,067    
3,100 -0,212 -0,164 -142,3 
3,133 -0,212 -0,164 -142,2 23,7
3,167 -0,209 -0,171 -140,7 58,3
3,200 -0,200 -0,178 -138,3 103,4
3,233 -0,186 -0,194 -133,8 156,3
3,267 -0,164 -0,211 -127,9 194,2
3,300 -0,137 -0,229 -120,9 225,6
3,333 -0,104 -0,246 -112,9 248,4
3,367 -6,607E-2 -0,259 -104,3 255,0
3,400 -2,744E-2 -0,267 -95,87 230,2
3,433 4,780E-3 -0,268 -88,98 237,1
3,467 4,628E-2 -0,264 -80,07 267,1
3,500 8,693E-2 -0,255 -71,17 254,3
3,533 0,122 -0,241 -63,12 227,7
3,567 0,151 -0,224 -55,99 196,6
3,600 0,173 -0,206 -50,01 164,1
3,633 0,189 -0,189 -45,05 130,7
3,667 0,201 -0,176 -41,29 92,8
3,700 0,208 -0,168 -38,86 58,8
3,733 0,214 -0,164 -37,37 7,2
3,767 0,210 -0,166 -38,39 -40,3
3,800 0,206 -0,173 -40,06 -74,6
3,833 0,196 -0,185 -43,36 -120,1
3,867 0,180 -0,201 -48,07 -154,6
3,900 0,160 -0,218 -53,66 -194,6
3,933 0,131 -0,236 -61,04 -225,2
3,967 9,810E-2 -0,251 -68,68 -252,9
4,000 5,641E-2 -0,263 -77,90 -282,5
4,033 1,163E-2 -0,268 -87,51 -267,9
4,067 -2,685E-2 -0,266 -95,76 -239,7
4,100 -6,223E-2 -0,259 -103,5 -253,0
4,133 -0,102 -0,245 -112,6 -253,2
4,167 -0,134 -0,229 -120,4 -223,5
4,200 -0,162 -0,211 -127,5 -198,2
4,233 -0,184 -0,193 -133,6 -158,7
4,267 -0,199 -0,179 -138,1 -121,0
4,300 -0,213 -0,168 -141,7 -75,8
4,333 -0,219 -0,164 -143,2 -21,6
4,367 -0,219 -0,164 -143,1 31,4
4,400 -0,210 -0,169 -141,1 77,3
4,433 -0,200 -0,181 -137,9 117,0
4,467 -0,184 -0,195 -133,3 162,9
4,500 -0,160 -0,212 -127,1 190,9
4,533 -0,135 -0,230 -120,5 214,5
4,567 -0,103 -0,246 -112,8 244,2
4,600 -6,576E-2 -0,259 -104,3 244,8
4,633 -3,013E-2 -0,266 -96,46 229,0
4,667 4,739E-3 -0,268 -88,99 245,5
4,700 4,614E-2 -0,264 -80,09 264,3
4,733 8,601E-2 -0,255 -71,37 249,8
4,767 0,120 -0,241 -63,44 223,0
4,800 0,148 -0,224 -56,50 193,4
4,833 0,171 -0,208 -50,55 164,1
4,867 0,188 -0,192 -45,55 124,3
4,900 0,197 -0,179 -42,26 87,7
4,933 0,205 -0,170 -39,71 47,1
4,967 0,205 -0,166 -39,12 4,6
5,000 0,205 -0,169 -39,40 -34,7
5,033 0,199 -0,176 -41,43 -78,2
5,067 0,190 -0,187 -44,61 -114,1
5,100 0,176 -0,203 -49,04 -153,0
5,133 0,155 -0,220 -54,81 -193,3
5,167 0,126 -0,237 -61,92 -222,5
5,200 9,359E-2 -0,252 -69,64 -244,5
5,233 5,479E-2 -0,263 -78,22 -255,8
5,267 1,545E-2 -0,267 -86,69 -271,4
5,300 -2,940E-2 -0,266 -96,32 -292,8
5,333 -7,439E-2 -0,256 -106,2 -276,1
5,367 -0,111 -0,242 -114,7 -235,6
5,400 -0,141 -0,227 -121,9 -191,8
5,433 -0,162 -0,211 -127,5 -170,7
5,467 -0,183 -0,195 -133,3 -160,6
5,500 -0,202 -0,180 -138,2 -120,7
5,533 -0,213 -0,170 -141,4 -64,8
5,567 -0,216 -0,165 -142,5 -18,1
5,600 -0,217 -0,166 -142,6 26,1
5,633 -0,211 -0,172 -140,8 68,8
5,667 -0,201 -0,181 -138,0 127,4
5,700 -0,179 -0,197 -132,3 177,0
5,733 -0,157 -0,214 -126,2 183,3
5,767 -0,134 -0,231 -120,1 194,8
5,800 -0,105 -0,246 -113,2 231,8
5,833 -6,743E-2 -0,258 -104,6 261,4
5,867 -2,684E-2 -0,266 -95,76 253,8
5,900 1,073E-2 -0,268 -87,70 243,9
5,933 4,884E-2 -0,264 -79,50 246,7
5,967 8,621E-2 -0,254 -71,25 241,8
6,000 0,120 -0,240 -63,38 219,6
6,033 0,148 -0,224 -56,62 191,7
6,067 0,171 -0,208 -50,61 158,0
6,100 0,185 -0,192 -46,08 121,4
6,133 0,197 -0,181 -42,52 89,0
6,167 0,204 -0,172 -40,14 50,3
6,200 0,206 -0,168 -39,16 3,0
6,233 0,204 -0,171 -39,94 -47,7
6,267 0,195 -0,178 -42,34 -84,5
6,300 0,185 -0,189 -45,57 -116,6
6,333 0,171 -0,205 -50,12 -155,5
6,367 0,150 -0,222 -55,94 -191,7
6,400 0,122 -0,239 -62,90 -208,6
6,433 9,254E-2 -0,252 -69,85 -232,4
6,467 5,393E-2 -0,263 -78,39 -251,6
6,500 1,576E-2 -0,267 -86,62 -254,9
6,533 -2,505E-2 -0,266 -95,38 -266,5
6,567 -6,613E-2 -0,258 -104,4 -267,7
6,600 -0,105 -0,245 -113,2 -248,1
6,633 -0,137 -0,229 -120,9 -216,2
6,667 -0,163 -0,211 -127,6 -187,8
6,700 -0,184 -0,195 -133,4 -149,6
6,733 -0,198 -0,181 -137,6 -113,1
6,767 -0,212 -0,172 -141,0 -69,9
6,800 -0,217 -0,168 -142,3 -16,8
6,833 -0,216 -0,168 -142,1 32,3
6,867 -0,209 -0,174 -140,1 88,1
6,900 -0,194 -0,186 -136,2 129,7
6,933 -0,177 -0,200 -131,5 159,6
6,967 -0,155 -0,217 -125,6 192,9
7,000 -0,128 -0,234 -118,6 219,3
7,033 -9,549E-2 -0,249 -111,0 234,8
7,067 -5,990E-2 -0,260 -103,0 243,3
7,100 -2,222E-2 -0,267 -94,76 247,5
7,133 1,646E-2 -0,267 -86,47 243,2
7,167 5,328E-2 -0,263 -78,54 249,4
7,200 9,265E-2 -0,252 -69,85 236,6
7,233 0,123 -0,239 -62,77 204,0
7,267 0,149 -0,224 -56,25 181,0
7,300 0,170 -0,208 -50,70 147,7
7,333 0,184 -0,193 -46,41 110,3
7,367 0,192 -0,181 -43,35 75,0
7,400 0,198 -0,174 -41,41 
