	mass A				
t	x	y	θ	ω	
0.000	0.116	-0.172	-56.0	
0.033	8.925E-2	-0.187	-64.5	-266.0
0.067	5.815E-2	-0.200	-73.8	-288.7
0.100	2.264E-2	-0.207	-83.8	-301.4
0.133	-1.411E-2	-0.209	-93.9	-314.8
0.167	-5.345E-2	-0.203	-104.7	-301.7
0.200	-8.575E-2	-0.193	-114.0	-268.3
0.233	-0.114	-0.179	-122.6	-231.4
0.267	-0.135	-0.165	-129.4	-180.0
0.300	-0.150	-0.152	-134.6	-120.3
0.333	-0.156	-0.143	-137.4	-67.7
0.367	-0.161	-0.140	-139.1	-18.2
0.400	-0.160	-0.141	-138.6	49.3
0.433	-0.152	-0.148	-135.9	113.0
0.467	-0.139	-0.159	-131.1	166.4
0.500	-0.120	-0.173	-124.8	226.1
0.533	-9.156E-2	-0.187	-116.0	266.1
0.567	-6.074E-2	-0.198	-107.0	272.9
0.600	-2.839E-2	-0.206	-97.8	282.4
0.633	6.528E-3	-0.208	-88.2	285.0
0.667	4.032E-2	-0.204	-78.8	281.0
0.700	7.304E-2	-0.195	-69.5	255.6
0.733	9.789E-2	-0.183	-61.8	220.9
0.767	0.119	-0.169	-54.7	188.4
0.800	0.135	-0.157	-49.2	130.4
0.833	0.143	-0.148	-46.0	70.1
0.867	0.146	-0.144	-44.6	21.9
0.900	0.146	-0.144	-44.6	-30.8
0.933	0.141	-0.149	-46.6	-81.8
0.967	0.132	-0.158	-50.0	-139.7
1.000	0.115	-0.171	-55.9	-190.5
1.033	9.479E-2	-0.184	-62.7	-216.5
1.067	7.012E-2	-0.196	-70.4	-251.8
1.100	3.800E-2	-0.205	-79.5	-276.4
1.133	4.430E-3	-0.209	-88.8	-288.6
1.167	-3.195E-2	-0.207	-98.8	-283.4
1.200	-6.368E-2	-0.200	-107.7	-266.3
1.233	-9.403E-2	-0.188	-116.5	-238.4
1.267	-0.116	-0.175	-123.6	-191.4
1.300	-0.133	-0.163	-129.3	-154.1
1.333	-0.147	-0.153	-133.8	-101.5
1.367	-0.153	-0.148	-136.0	-34.7
1.400	-0.153	-0.147	-136.2	25.3
1.433	-0.148	-0.152	-134.4	77.7
1.467	-0.139	-0.160	-131.0	130.9
1.500	-0.123	-0.171	-125.6	197.6
1.533	-9.729E-2	-0.185	-117.8	245.1
1.567	-6.863E-2	-0.196	-109.3	252.9
1.600	-3.953E-2	-0.205	-100.9	261.8
1.633	-6.713E-3	-0.209	-91.8	268.2
1.667	2.524E-2	-0.207	-83.1	261.4
1.700	5.611E-2	-0.201	-74.4	241.9
1.733	8.142E-2	-0.191	-66.9	226.4
1.767	0.106	-0.179	-59.3	202.4
1.800	0.124	-0.167	-53.4	150.6
1.833	0.135	-0.157	-49.3	67.1
1.867	0.133	-0.153	-49.0	13.1
1.900	0.138	-0.156	-48.4	-8.5
1.933	0.135	-0.159	-49.5	-53.9
1.967	0.129	-0.165	-52.0	-116.6
2.000	0.113	-0.176	-57.3	-157.4
2.033	9.789E-2	-0.188	-62.5	-183.8
2.067	7.438E-2	-0.199	-69.5	-222.3
2.100	4.685E-2	-0.208	-77.3	-246.5
2.133	1.496E-2	-0.213	-86.0	-259.6
2.167	-1.722E-2	-0.213	-94.6	-262.4
2.200	-4.981E-2	-0.208	-103.5	-255.0
2.233	-7.894E-2	-0.199	-111.6	-225.8
2.267	-0.102	-0.188	-118.5	-192.6
2.300	-0.121	-0.177	-124.5	-151.6
2.333	-0.134	-0.168	-128.6	-90.7
2.367	-0.137	-0.160	-130.5	-38.2
2.400	-0.139	-0.159	-131.2	6.7
2.433	-0.136	-0.161	-130.1	48.1
2.467	-0.133	-0.170	-128.0	99.1
2.500	-0.119	-0.180	-123.5	142.8
2.533	-0.102	-0.187	-118.5	181.4
2.567	-7.727E-2	-0.198	-111.4	232.1
2.600	-4.774E-2	-0.207	-103.0	244.8
2.633	-1.857E-2	-0.210	-95.0	258.0
2.667	1.553E-2	-0.211	-85.8	267.8
2.700	4.692E-2	-0.206	-77.2	234.3
2.733	7.159E-2	-0.199	-70.2	194.4
2.767	9.113E-2	-0.189	-64.2	192.2
2.800	0.114	-0.178	-57.4	167.0
2.833	0.127	-0.169	-53.1	100.6
2.867	0.134	-0.163	-50.6	12.8
2.900	0.126	-0.162	-52.2	-34.4
2.933	0.124	-0.165	-52.9	-42.1
2.967	0.119	-0.170	-55.0	-89.0
3.000	0.107	-0.178	-58.9	-119.6
3.033	9.542E-2	-0.187	-63.0	-161.1
3.067	7.358E-2	-0.198	-69.6	-200.0
3.100	5.005E-2	-0.206	-76.4	-229.9
3.133	1.875E-2	-0.212	-84.9	-244.2
3.167	-9.794E-3	-0.212	-92.6	-246.9
3.200	-4.202E-2	-0.209	-101.4	-245.1
3.233	-6.903E-2	-0.201	-109.0	-220.2
3.267	-9.343E-2	-0.191	-116.1	-191.9
3.300	-0.112	-0.180	-121.8	-160.4
3.333	-0.129	-0.172	-126.8	-114.7
3.367	-0.136	-0.166	-129.4	-52.2
3.400	-0.139	-0.164	-130.2	9.1
3.433	-0.132	-0.165	-128.8	58.1
3.467	-0.126	-0.170	-126.4	95.9
3.500	-0.114	-0.179	-122.4	151.3
3.533	-9.345E-2	-0.189	-116.3	191.9
3.567	-7.081E-2	-0.199	-109.6	202.9
3.600	-4.694E-2	-0.207	-102.8	218.9
3.633	-1.862E-2	-0.212	-95.0	230.9
3.667	9.766E-3	-0.212	-87.4	251.5
3.700	4.303E-2	-0.207	-78.3	233.6
3.733	6.628E-2	-0.202	-71.8	191.9
3.767	8.795E-2	-0.193	-65.5	152.7
3.800	9.948E-2	-0.184	-61.6	105.1
3.833	0.109	-0.177	-58.5	80.1
3.867	0.115	-0.172	-56.3	68.0
3.900	0.122	-0.168	-53.9	27.1
3.933	0.121	-0.169	-54.5	-21.6
3.967	0.120	-0.173	-55.4	-67.7
4.000	0.109	-0.181	-59.0	-99.3
4.033	9.845E-2	-0.185	-62.0	-137.1
4.067	7.834E-2	-0.195	-68.1	-207.9
4.100	5.178E-2	-0.205	-75.8	-228.6
4.133	2.442E-2	-0.210	-83.4	-233.8
4.167	-5.263E-3	-0.212	-91.4	-239.5
4.200	-3.426E-2	-0.209	-99.3	-227.8
4.233	-6.017E-2	-0.202	-106.6	-205.7
4.267	-8.229E-2	-0.193	-113.0	-175.7
4.300	-9.952E-2	-0.185	-118.3	-154.6
4.333	-0.116	-0.177	-123.4	-121.3
4.367	-0.127	-0.172	-126.4	-59.0
4.400	-0.129	-0.170	-127.3	-3.4
4.433	-0.128	-0.172	-126.6	49.6
4.467	-0.119	-0.176	-124.0	111.2
4.500	-0.103	-0.183	-119.2	136.7
4.533	-8.931E-2	-0.193	-114.9	
