	masa A				
t	x	y	θr	ω	
0,000	0,197	-0,185	-43,30	
0,033	0,196	-0,186	-43,55	-16,8
0,067	0,195	-0,191	-44,42	-56,9
0,100	0,186	-0,201	-47,34	-75,2
0,133	0,178	-0,208	-49,44	-100,7
0,167	0,162	-0,223	-54,06	-157,5
0,200	0,137	-0,238	-59,93	-198,2
0,233	0,106	-0,253	-67,27	-227,7
0,267	7,046E-2	-0,265	-75,11	-234,6
0,300	3,379E-2	-0,272	-82,92	-240,2
0,333	-5,397E-3	-0,275	-91,13	-231,5
0,367	-3,986E-2	-0,272	-98,35	-229,8
0,400	-7,809E-2	-0,265	-106,4	-231,5
0,433	-0,111	-0,253	-113,8	-204,4
0,467	-0,139	-0,239	-120,1	-172,0
0,500	-0,159	-0,225	-125,3	-138,2
0,533	-0,173	-0,212	-129,3	-113,7
0,567	-0,188	-0,203	-132,8	-79,5
0,600	-0,193	-0,196	-134,6	-33,4
0,633	-0,195	-0,194	-135,1	4,2
0,667	-0,193	-0,197	-134,3	39,7
0,700	-0,186	-0,204	-132,4	72,7
0,733	-0,177	-0,215	-129,5	110,7
0,767	-0,159	-0,227	-125,0	161,1
0,800	-0,131	-0,240	-118,7	195,1
0,833	-0,102	-0,253	-112,0	170,7
0,867	-8,191E-2	-0,262	-107,3	163,2
0,900	-5,275E-2	-0,268	-101,1	213,1
0,933	-1,491E-2	-0,272	-93,14	260,7
0,967	2,974E-2	-0,272	-83,76	277,3
1,000	7,223E-2	-0,263	-74,65	251,1
1,033	0,106	-0,251	-67,03	199,6
1,067	0,131	-0,241	-61,35	150,8
1,100	0,149	-0,230	-56,97	127,8
1,133	0,163	-0,215	-52,83	118,4
1,167	0,177	-0,204	-49,08	94,4
1,200	0,186	-0,196	-46,53	55,0
1,233	0,189	-0,192	-45,41	15,0
1,267	0,189	-0,192	-45,53	-23,3
1,300	0,185	-0,198	-46,97	-60,7
1,333	0,176	-0,206	-49,58	-103,2
1,367	0,159	-0,218	-53,85	-142,0
1,400	0,139	-0,232	-59,05	-161,5
1,433	0,117	-0,247	-64,61	-180,8
1,467	8,859E-2	-0,259	-71,10	-218,6
1,500	5,122E-2	-0,268	-79,19	-233,6
1,533	1,591E-2	-0,274	-86,67	-240,2
1,567	-2,491E-2	-0,274	-95,20	-248,8
1,600	-6,301E-2	-0,267	-103,3	-220,7
1,633	-9,375E-2	-0,259	-109,9	-199,0
1,667	-0,123	-0,246	-116,5	-187,6
1,700	-0,148	-0,233	-122,4	-153,9
1,733	-0,164	-0,220	-126,8	-126,2
1,767	-0,180	-0,209	-130,8	-96,8
1,800	-0,188	-0,200	-133,2	-54,1
1,833	-0,192	-0,196	-134,4	-15,6
1,867	-0,191	-0,196	-134,3	29,2
1,900	-0,185	-0,202	-132,5	67,6
1,933	-0,175	-0,210	-129,8	92,7
1,967	-0,163	-0,221	-126,3	126,3
2,000	-0,142	-0,234	-121,3	152,1
2,033	-0,121	-0,247	-116,2	178,1
2,067	-9,145E-2	-0,259	-109,5	205,6
2,100	-5,920E-2	-0,268	-102,5	210,2
2,133	-2,606E-2	-0,273	-95,46	223,8
2,167	1,173E-2	-0,273	-87,54	240,3
2,200	5,005E-2	-0,268	-79,44	219,9
2,233	8,042E-2	-0,261	-72,88	194,7
2,267	0,109	-0,250	-66,46	187,6
2,300	0,135	-0,237	-60,37	176,4
2,333	0,158	-0,223	-54,69	142,5
2,367	0,171	-0,210	-50,87	97,9
2,400	0,180	-0,201	-48,17	72,2
2,433	0,188	-0,195	-46,06	40,4
2,467	0,190	-0,193	-45,47	-6,0
2,500	0,186	-0,196	-46,45	-41,3
2,533	0,181	-0,203	-48,23	-77,0
2,567	0,169	-0,214	-51,59	-120,2
2,600	0,152	-0,227	-56,24	-153,1
2,633	0,129	-0,241	-61,79	-185,5
2,667	9,953E-2	-0,254	-68,61	-210,8
2,700	6,670E-2	-0,264	-75,85	-220,2
2,733	3,198E-2	-0,272	-83,29	-237,1
2,767	-7,903E-3	-0,273	-91,66	-239,5
2,800	-4,406E-2	-0,270	-99,25	-220,3
2,833	-7,724E-2	-0,263	-106,3	-210,5
2,867	-0,109	-0,253	-113,3	-183,3
2,900	-0,130	-0,239	-118,6	-168,0
2,933	-0,156	-0,227	-124,5	-152,6
2,967	-0,172	-0,214	-128,7	-110,6
3,000	-0,184	-0,205	-131,9	-74,8
3,033	-0,190	-0,199	-133,7	-34,6
3,067	-0,191	-0,197	-134,2	13,2
3,100	-0,186	-0,200	-132,8	40,9
3,133	-0,182	-0,206	-131,4	69,9
3,167	-0,170	-0,216	-128,2	117,4
3,200	-0,152	-0,229	-123,6	141,8
3,233	-0,133	-0,242	-118,7	154,6
3,267	-0,109	-0,253	-113,3	188,5
3,300	-7,661E-2	-0,264	-106,2	218,7
3,333	-4,159E-2	-0,271	-98,73	209,1
3,367	-1,061E-2	-0,273	-92,22	216,8
3,400	2,729E-2	-0,272	-84,27	231,0
3,433	6,222E-2	-0,266	-76,82	207,6
3,467	9,096E-2	-0,256	-70,43	202,7
3,500	0,123	-0,244	-63,31	190,0
3,533	0,146	-0,231	-57,76	150,7
3,567	0,163	-0,218	-53,26	125,1
3,600	0,177	-0,207	-49,42	99,0
3,633	0,187	-0,198	-46,66	43,0
3,667	0,185	-0,195	-46,56	7,7
3,700	0,190	-0,197	-46,14	-18,6
3,733	0,184	-0,203	-47,80	-64,4
3,767	0,175	-0,212	-50,44	-97,3
3,800	0,161	-0,224	-54,28	-131,3
3,833	0,141	-0,237	-59,19	-162,2
3,867	0,116	-0,250	-65,09	-184,5
3,900	8,717E-2	-0,260	-71,49	-207,6
3,933	5,276E-2	-0,270	-78,93	-242,8
3,967	1,118E-2	-0,275	-87,68	-262,2
4,000	-3,087E-2	-0,274	-96,42	-252,9
4,033	-6,942E-2	-0,268	-104,5	-229,6
4,067	-0,102	-0,257	-111,7	-173,4
4,100	-0,122	-0,249	-116,1	-132,2
4,133	-0,137	-0,232	-120,5	-145,5
4,167	-0,161	-0,223	-125,8	-145,5
4,200	-0,181	-0,214	-130,2	-96,7
4,233	-0,184	-0,203	-132,2	-45,2
4,267	-0,187	-0,199	-133,3	-13,1
4,300	-0,187	-0,200	-133,1	28,0
4,333	-0,181	-0,205	-131,4	61,9
4,367	-0,173	-0,213	-129,0	93,0
4,400	-0,158	-0,224	-125,2	136,9
4,433	-0,136	-0,236	-119,9	157,8
4,467	-0,114	-0,249	-114,7	159,8
4,500	-9,040E-2	-0,259	-109,2	175,3
4,533	-6,147E-2	-0,267	-103,0	204,1
4,567	-2,667E-2	-0,272	-95,60	229,0
4,600	1,089E-2	-0,273	-87,71	240,2
4,633	4,925E-2	-0,268	-79,59	226,1
4,667	8,140E-2	-0,260	-72,64	196,3
4,700	0,108	-0,249	-66,50	182,7
4,733	0,134	-0,237	-60,46	166,0
4,767	0,154	-0,224	-55,43	138,5
4,800	0,170	-0,212	-51,23	97,0
4,833	0,177	-0,203	-48,96	58,1
4,867	0,182	-0,198	-47,35	30,8
4,900	0,184	-0,197	-46,91	-10,4
4,933	0,180	-0,200	-48,05	-50,7
4,967	0,172	-0,207	-50,30	-84,5
5,000	0,160	-0,218	-53,68	-115,9
5,033	0,144	-0,231	-58,02	-157,1
5,067	0,118	-0,244	-64,15	-190,7
5,100	8,968E-2	-0,257	-70,73	-200,3
5,133	5,904E-2	-0,266	-77,50	-222,1
5,167	2,115E-2	-0,271	-85,54	-231,5
5,200	-1,396E-2	-0,273	-92,93	-224,4
5,233	-4,990E-2	-0,269	-100,5	-212,0
5,267	-8,043E-2	-0,262	-107,1	-206,0
5,300	-0,113	-0,251	-114,2	-190,8
5,333	-0,137	-0,239	-119,8	-154,8
5,367	-0,156	-0,227	-124,6	-120,0
5,400	-0,167	-0,216	-127,8	-95,6
5,433	-0,179	-0,207	-130,9	-75,8
5,467	-0,187	-0,202	-132,8	-33,6
5,500	-0,188	-0,200	-133,2	10,5
5,533	-0,184	-0,204	-132,1	47,8
5,567	-0,177	-0,211	-130,0	80,4
5,600	-0,165	-0,221	-126,8	121,2
5,633	-0,145	-0,233	-121,9	150,0
5,667	-0,124	-0,245	-116,8	171,5
5,700	-9,568E-2	-0,256	-110,5	186,5
5,733	-6,792E-2	-0,266	-104,3	195,8
5,767	-3,538E-2	-0,272	-97,42	209,3
5,800	-1,799E-3	-0,273	-90,38	207,8
5,833	3,049E-2	-0,271	-83,57	216,7
5,867	6,620E-2	-0,264	-75,93	206,6
5,900	9,341E-2	-0,254	-69,80	194,3
5,933	0,124	-0,242	-62,98	184,4
5,967	0,146	-0,230	-57,50	144,0
6,000	0,162	-0,218	-53,37	104,4
6,033	0,171	-0,208	-50,55	73,6
6,067	0,179	-0,202	-48,47	
