	mass A				
t	x	y	θ	ω	
0.000	4.909E-2	-0.198	-76.1	
0.033	4.120E-2	-0.199	-78.3	-104.0
0.067	2.460E-2	-0.201	-83.0	-161.1
0.100	3.444E-3	-0.203	-89.0	-170.8
0.133	-1.560E-2	-0.203	-94.4	-146.8
0.167	-3.116E-2	-0.201	-98.8	-126.8
0.200	-4.535E-2	-0.199	-102.9	-111.2
0.233	-5.700E-2	-0.196	-106.2	-87.7
0.267	-6.541E-2	-0.193	-108.7	-62.5
0.300	-7.109E-2	-0.191	-110.4	-37.1
0.333	-7.377E-2	-0.190	-111.2	-7.2
0.367	-7.265E-2	-0.191	-110.9	21.4
0.400	-6.898E-2	-0.192	-109.7	48.4
0.433	-6.193E-2	-0.195	-107.7	73.6
0.467	-5.236E-2	-0.198	-104.8	95.1
0.500	-4.004E-2	-0.200	-101.3	126.0
0.533	-2.282E-2	-0.202	-96.4	143.3
0.567	-6.226E-3	-0.203	-91.8	129.6
0.600	7.790E-3	-0.203	-87.8	126.7
0.633	2.367E-2	-0.202	-83.3	137.4
0.667	4.006E-2	-0.200	-78.6	121.3
0.700	5.190E-2	-0.197	-75.2	98.8
0.733	6.261E-2	-0.193	-72.1	86.1
0.767	7.117E-2	-0.190	-69.5	54.3
0.800	7.480E-2	-0.189	-68.4	24.9
0.833	7.675E-2	-0.188	-67.8	-0.0
0.867	7.479E-2	-0.189	-68.4	-30.0
0.900	7.017E-2	-0.191	-69.8	-53.3
0.933	6.295E-2	-0.194	-72.0	-80.8
0.967	5.197E-2	-0.197	-75.2	-98.0
1.000	4.048E-2	-0.199	-78.5	-116.2
1.033	2.492E-2	-0.202	-83.0	-131.4
1.067	9.622E-3	-0.203	-87.3	-135.3
1.100	-7.014E-3	-0.203	-92.0	-131.5
1.133	-2.142E-2	-0.202	-96.1	-123.7
1.167	-3.615E-2	-0.200	-100.2	-114.2
1.200	-4.810E-2	-0.198	-103.7	-93.9
1.233	-5.773E-2	-0.195	-106.5	-72.5
1.267	-6.464E-2	-0.193	-108.5	-48.2
1.300	-6.861E-2	-0.192	-109.7	-19.9
1.333	-6.908E-2	-0.192	-109.8	9.6
1.367	-6.640E-2	-0.192	-109.1	36.9
1.400	-6.071E-2	-0.194	-107.4	62.9
1.433	-5.216E-2	-0.197	-104.9	84.6
1.467	-4.133E-2	-0.199	-101.7	100.3
1.500	-2.891E-2	-0.201	-98.2	117.9
1.533	-1.368E-2	-0.202	-93.9	126.6
1.567	9.352E-4	-0.203	-89.7	124.7
1.600	1.572E-2	-0.202	-85.6	124.8
1.633	3.030E-2	-0.201	-81.4	123.5
1.667	4.454E-2	-0.198	-77.3	108.7
1.700	5.539E-2	-0.195	-74.2	79.4
1.733	6.281E-2	-0.194	-72.0	52.5
1.767	6.744E-2	-0.192	-70.7	40.7
1.800	7.183E-2	-0.190	-69.3	18.5
1.833	7.145E-2	-0.190	-69.4	-18.8
1.867	6.777E-2	-0.192	-70.6	-50.1
1.900	6.035E-2	-0.195	-72.8	-73.2
1.933	5.121E-2	-0.197	-75.5	-84.8
1.967	4.089E-2	-0.200	-78.4	-100.2
2.000	2.791E-2	-0.202	-82.1	-116.6
2.033	1.350E-2	-0.203	-86.2	-111.9
2.067	1.446E-3	-0.203	-89.6	-122.2
2.100	-1.544E-2	-0.203	-94.3	-129.3
2.133	-2.911E-2	-0.202	-98.2	-110.1
2.167	-4.130E-2	-0.200	-101.7	-96.0
2.200	-5.145E-2	-0.197	-104.6	-75.6
2.233	-5.871E-2	-0.195	-106.7	-51.5
2.267	-6.326E-2	-0.194	-108.0	-25.6
2.300	-6.447E-2	-0.193	-108.4	-1.5
2.333	-6.355E-2	-0.194	-108.1	21.6
2.367	-5.969E-2	-0.195	-107.0	47.2
2.400	-5.285E-2	-0.197	-105.0	74.8
2.433	-4.238E-2	-0.199	-102.0	90.6
2.467	-3.171E-2	-0.201	-99.0	101.7
2.500	-1.855E-2	-0.203	-95.2	110.7
2.533	-5.601E-3	-0.204	-91.6	113.2
2.567	8.282E-3	-0.204	-87.7	123.1
2.600	2.351E-2	-0.202	-83.4	117.6
2.633	3.589E-2	-0.200	-79.8	97.5
2.667	4.627E-2	-0.198	-76.9	84.8
2.700	5.542E-2	-0.196	-74.2	67.6
2.733	6.164E-2	-0.194	-72.4	33.6
2.767	6.314E-2	-0.194	-71.9	8.9
2.800	6.371E-2	-0.193	-71.8	-1.7
2.833	6.272E-2	-0.194	-72.1	-28.4
2.867	5.735E-2	-0.196	-73.7	-59.8
2.900	4.926E-2	-0.198	-76.0	-75.7
2.933	4.002E-2	-0.200	-78.7	-86.7
2.967	2.905E-2	-0.202	-81.8	-98.7
3.000	1.674E-2	-0.203	-85.3	-102.4
3.033	4.775E-3	-0.203	-88.7	-115.8
3.067	-1.067E-2	-0.203	-93.0	-115.6
3.100	-2.244E-2	-0.201	-96.4	-108.9
3.133	-3.640E-2	-0.201	-100.3	-98.1
3.167	-4.543E-2	-0.198	-102.9	-71.4
3.200	-5.280E-2	-0.197	-105.0	-53.9
3.233	-5.776E-2	-0.195	-106.5	-36.0
3.267	-6.117E-2	-0.195	-107.4	-12.3
3.300	-6.074E-2	-0.195	-107.3	15.4
3.333	-5.759E-2	-0.196	-106.4	39.6
3.367	-5.165E-2	-0.197	-104.7	62.6
3.400	-4.314E-2	-0.199	-102.2	77.0
3.433	-3.372E-2	-0.201	-99.5	90.6
3.467	-2.190E-2	-0.202	-96.2	104.0
3.500	-9.272E-3	-0.203	-92.6	107.0
3.533	3.362E-3	-0.204	-89.1	111.7
3.567	1.713E-2	-0.202	-85.2	98.5
3.600	2.675E-2	-0.203	-82.5	96.4
3.633	3.965E-2	-0.199	-78.7	83.4
3.667	4.620E-2	-0.199	-76.9	53.4
3.700	5.229E-2	-0.198	-75.2	44.1
3.733	5.641E-2	-0.197	-74.0	25.0
3.767	5.802E-2	-0.196	-73.5	3.3
3.800	5.708E-2	-0.196	-73.8	-18.7
3.833	5.369E-2	-0.197	-74.8	-39.5
3.867	4.801E-2	-0.198	-76.4	-56.4
3.900	4.056E-2	-0.200	-78.5	-75.7
3.933	3.030E-2	-0.201	-81.4	-93.8
3.967	1.857E-2	-0.203	-84.8	-102.1
4.000	6.212E-3	-0.204	-88.3	-109.2
4.033	-7.336E-3	-0.205	-92.1	-102.5
4.067	-1.806E-2	-0.203	-95.1	-94.4
4.100	-2.959E-2	-0.202	-98.3	-90.0
4.133	-3.929E-2	-0.201	-101.1	-76.1
4.167	-4.744E-2	-0.199	-103.4	-56.9
4.200	-5.243E-2	-0.197	-104.9	-37.3
4.233	-5.597E-2	-0.196	-105.9	-18.2
4.267	-5.662E-2	-0.196	-106.1	9.4
4.300	-5.357E-2	-0.196	-105.3	31.8
4.333	-4.910E-2	-0.197	-104.0	46.4
4.367	-4.308E-2	-0.200	-102.2	65.3
4.400	-3.406E-2	-0.201	-99.6	80.6
4.433	-2.416E-2	-0.202	-96.8	91.8
4.467	-1.241E-2	-0.203	-93.5	
