	mass A				
t	x	y	θ	ω	
0.000	5.172E-3	-0.214	-88.6	
0.033	-3.448E-2	-0.207	-99.5	-302.7
0.067	-6.712E-2	-0.197	-108.8	-273.8
0.100	-9.595E-2	-0.183	-117.7	-261.7
0.133	-0.123	-0.168	-126.2	-225.0
0.167	-0.141	-0.152	-132.7	-165.8
0.200	-0.152	-0.140	-137.3	-111.6
0.233	-0.159	-0.133	-140.2	-53.2
0.267	-0.160	-0.131	-140.8	5.5
0.300	-0.158	-0.134	-139.8	62.4
0.333	-0.152	-0.143	-136.7	111.1
0.367	-0.142	-0.156	-132.4	161.7
0.400	-0.124	-0.171	-125.9	223.3
0.433	-9.698E-2	-0.186	-117.5	243.4
0.467	-7.068E-2	-0.198	-109.7	271.6
0.500	-3.426E-2	-0.207	-99.4	309.1
0.533	3.425E-3	-0.210	-89.1	308.5
0.567	4.078E-2	-0.206	-78.8	301.7
0.600	7.606E-2	-0.198	-69.0	274.2
0.633	0.104	-0.184	-60.5	248.1
0.667	0.130	-0.169	-52.4	208.7
0.700	0.146	-0.155	-46.6	147.9
0.733	0.155	-0.143	-42.6	101.4
0.767	0.161	-0.134	-39.9	58.1
0.800	0.164	-0.131	-38.7	-0.6
0.833	0.161	-0.134	-39.9	-51.6
0.867	0.158	-0.142	-42.1	-104.9
0.900	0.145	-0.155	-46.9	-122.6
0.933	0.135	-0.163	-50.3	-207.2
0.967	0.103	-0.184	-60.7	-277.5
1.000	7.757E-2	-0.200	-68.8	-268.9
1.033	4.201E-2	-0.209	-78.6	-308.0
1.067	2.479E-3	-0.213	-89.3	-312.2
1.100	-3.460E-2	-0.208	-99.5	-301.0
1.133	-6.990E-2	-0.198	-109.4	-285.9
1.167	-0.101	-0.185	-118.5	-250.0
1.200	-0.124	-0.170	-126.1	-200.4
1.233	-0.139	-0.155	-131.9	-150.1
1.267	-0.150	-0.144	-136.1	-98.0
1.300	-0.155	-0.137	-138.4	-41.7
1.333	-0.156	-0.136	-138.9	14.4
1.367	-0.152	-0.140	-137.5	70.6
1.400	-0.145	-0.149	-134.2	121.8
1.433	-0.133	-0.163	-129.3	171.2
1.467	-0.114	-0.177	-122.7	217.3
1.500	-8.888E-2	-0.192	-114.8	255.5
1.533	-5.720E-2	-0.203	-105.7	278.8
1.567	-2.313E-2	-0.211	-96.3	295.9
1.600	1.490E-2	-0.212	-86.0	299.0
1.633	5.052E-2	-0.208	-76.3	277.1
1.667	8.232E-2	-0.199	-67.5	261.6
1.700	0.111	-0.184	-58.9	233.8
1.733	0.133	-0.169	-51.9	188.0
1.767	0.149	-0.156	-46.3	148.6
1.800	0.160	-0.144	-42.0	103.7
1.833	0.166	-0.136	-39.4	48.5
1.867	0.167	-0.134	-38.8	-11.7
1.900	0.164	-0.138	-40.2	-69.6
1.933	0.156	-0.148	-43.4	-115.1
1.967	0.144	-0.160	-47.9	-160.6
2.000	0.126	-0.174	-54.1	-215.6
2.033	9.977E-2	-0.190	-62.3	-268.1
2.067	6.603E-2	-0.203	-72.0	-279.2
2.100	3.348E-2	-0.208	-80.9	-288.9
2.133	-4.620E-3	-0.211	-91.3	-320.4
2.167	-4.478E-2	-0.206	-102.2	-306.5
2.200	-7.784E-2	-0.196	-111.7	-272.4
2.233	-0.107	-0.182	-120.4	-237.7
2.267	-0.129	-0.167	-127.5	-181.9
2.300	-0.141	-0.153	-132.5	-131.2
2.333	-0.150	-0.143	-136.3	-84.9
2.367	-0.154	-0.138	-138.2	-29.3
2.400	-0.154	-0.138	-138.2	26.4
2.433	-0.150	-0.143	-136.4	77.1
2.467	-0.143	-0.153	-133.1	131.6
2.500	-0.128	-0.166	-127.7	185.9
2.533	-0.107	-0.180	-120.7	224.1
2.567	-8.109E-2	-0.194	-112.7	244.2
2.600	-5.287E-2	-0.206	-104.4	270.7
2.633	-1.728E-2	-0.212	-94.7	302.6
2.667	2.129E-2	-0.211	-84.2	292.5
2.700	5.435E-2	-0.205	-75.2	279.9
2.733	8.808E-2	-0.194	-65.6	266.5
2.767	0.115	-0.180	-57.4	221.5
2.800	0.135	-0.166	-50.8	164.6
2.833	0.146	-0.153	-46.4	121.3
2.867	0.154	-0.143	-42.7	82.2
2.900	0.157	-0.137	-41.0	28.7
2.933	0.158	-0.136	-40.8	-16.6
2.967	0.157	-0.141	-42.1	-66.7
3.000	0.150	-0.151	-45.3	-107.2
3.033	0.140	-0.162	-49.2	-171.8
3.067	0.117	-0.178	-56.7	-227.0
3.100	9.188E-2	-0.191	-64.3	-265.7
3.133	5.703E-2	-0.205	-74.4	-297.9
3.167	2.136E-2	-0.210	-84.2	-306.6
3.200	-1.802E-2	-0.211	-94.9	-310.6
3.233	-5.445E-2	-0.204	-104.9	-290.6
3.267	-8.695E-2	-0.193	-114.2	-259.9
3.300	-0.113	-0.179	-122.2	-221.8
3.333	-0.134	-0.165	-129.0	-184.4
3.367	-0.149	-0.151	-134.5	-134.3
3.400	-0.159	-0.143	-138.0	-73.2
3.433	-0.161	-0.138	-139.4	-12.9
3.467	-0.160	-0.140	-138.8	41.7
3.500	-0.154	-0.146	-136.6	95.6
3.533	-0.144	-0.158	-132.5	146.5
3.567	-0.128	-0.171	-126.9	190.5
3.600	-0.106	-0.185	-119.8	236.0
3.633	-7.641E-2	-0.198	-111.1	264.1
3.667	-4.463E-2	-0.207	-102.2	289.9
3.700	-6.616E-3	-0.211	-91.8	303.8
3.733	2.964E-2	-0.209	-81.9	288.0
3.767	6.324E-2	-0.202	-72.6	263.7
3.800	9.163E-2	-0.191	-64.3	240.5
3.833	0.117	-0.177	-56.6	214.6
3.867	0.136	-0.163	-50.0	158.5
3.900	0.145	-0.150	-46.0	111.1
3.933	0.153	-0.141	-42.6	73.7
3.967	0.158	-0.137	-41.1	18.8
4.000	0.157	-0.138	-41.4	-34.8
4.033	0.153	-0.144	-43.4	-77.5
4.067	0.147	-0.155	-46.5	-128.8
4.100	0.131	-0.168	-52.0	-194.5
4.133	0.109	-0.184	-59.5	-250.6
4.167	7.746E-2	-0.199	-68.7	-276.0
4.200	4.471E-2	-0.209	-77.9	-272.3
4.233	1.159E-2	-0.211	-86.9	-292.8
4.267	-2.749E-2	-0.211	-97.4	-310.0
4.300	-6.416E-2	-0.203	-107.5	
