 masa A    
t x y θr ω 
0,000 0,181 -0,202 -48,14 
0,033 0,181 -0,201 -48,13 0,5
0,067 0,181 -0,201 -48,11 -11,0
0,100 0,178 -0,204 -48,86 10,5
0,133 0,179 -0,195 -47,41 22,4
0,167 0,178 -0,194 -47,37 -140,6
0,200 0,148 -0,226 -56,78 -209,6
0,233 0,129 -0,235 -61,34 -139,9
0,267 0,108 -0,244 -66,11 -171,3
0,300 7,873E-2 -0,254 -72,76 -212,5
0,333 4,493E-2 -0,262 -80,27 -215,7
0,367 1,320E-2 -0,264 -87,14 -223,3
0,400 -2,381E-2 -0,264 -95,16 -226,4
0,433 -5,548E-2 -0,256 -102,2 -210,8
0,467 -8,636E-2 -0,248 -109,2 -187,7
0,500 -0,109 -0,237 -114,7 -152,9
0,533 -0,128 -0,227 -119,4 -149,4
0,567 -0,151 -0,217 -124,7 -128,9
0,600 -0,164 -0,210 -128,0 -69,5
0,633 -0,169 -0,206 -129,3 -12,3
0,667 -0,165 -0,205 -128,8 40,8
0,700 -0,154 -0,207 -126,6 66,2
0,733 -0,146 -0,212 -124,4 56,4
0,767 -0,143 -0,221 -122,9 86,5
0,800 -0,126 -0,231 -118,6 146,3
0,833 -0,103 -0,241 -113,1 168,9
0,867 -7,827E-2 -0,250 -107,4 181,4
0,900 -5,013E-2 -0,257 -101,0 192,9
0,933 -2,075E-2 -0,262 -94,52 198,9
0,967 1,030E-2 -0,264 -87,76 200,6
1,000 4,068E-2 -0,261 -81,15 198,8
1,033 7,081E-2 -0,256 -74,51 196,7
1,067 9,940E-2 -0,246 -68,04 173,2
1,100 0,121 -0,238 -62,97 143,9
1,133 0,140 -0,228 -58,45 108,0
1,167 0,150 -0,220 -55,77 77,3
1,200 0,159 -0,213 -53,29 56,8
1,233 0,164 -0,210 -51,98 22,1
1,267 0,165 -0,210 -51,82 -15,0
1,300 0,161 -0,213 -52,98 -46,0
1,333 0,154 -0,220 -54,89 -82,9
1,367 0,140 -0,228 -58,51 -136,2
1,400 0,118 -0,241 -63,97 -161,9
1,433 9,508E-2 -0,252 -69,30 -180,0
1,467 6,467E-2 -0,259 -75,97 -204,7
1,500 3,252E-2 -0,263 -82,95 -197,7
1,533 3,989E-3 -0,268 -89,15 -190,5
1,567 -2,644E-2 -0,267 -95,65 
1,600    
1,633 -8,399E-2 -0,252 -108,4 
1,667    
1,700 -0,122 -0,232 -117,8 
1,733    
1,767 -0,146 -0,218 -123,8 
1,800 -0,147 -0,214 -124,5 -14,0
1,833 -0,147 -0,212 -124,7 -16,3
1,867 -0,153 -0,214 -125,6 13,1
1,900 -0,147 -0,220 -123,9 89,1
1,933 -0,129 -0,227 -119,6 139,2
1,967 -0,107 -0,233 -114,6 144,0
2,000 -8,811E-2 -0,242 -110,0 136,2
2,033 -7,045E-2 -0,254 -105,5 146,9
2,067 -4,711E-2 -0,261 -100,2 176,4
2,100 -1,733E-2 -0,264 -93,75 190,7
2,133 1,155E-2 -0,265 -87,51 185,4
2,167 3,994E-2 -0,264 -81,39 176,9
2,200 6,616E-2 -0,260 -75,72 178,3
2,233 9,377E-2 -0,251 -69,51 168,8
2,267 0,116 -0,243 -64,46 131,0
2,300 0,132 -0,236 -60,78 109,2
2,333 0,147 -0,228 -57,18 82,1
2,367 0,154 -0,223 -55,31 50,5
2,400 0,161 -0,219 -53,82 22,5
2,433 0,161 -0,219 -53,81 -5,9
2,467 0,160 -0,221 -54,21 -41,3
2,500 0,150 -0,227 -56,56 -106,1
2,533 0,129 -0,236 -61,28 -146,3
2,567 0,107 -0,243 -66,31 -138,9
2,600 8,955E-2 -0,253 -70,54 -147,5
2,633 6,431E-2 -0,261 -76,14 -182,3
2,667 3,393E-2 -0,265 -82,69 -188,3
2,700 6,092E-3 -0,267 -88,69 -187,3
2,733 -2,408E-2 -0,266 -95,18 -187,7
2,767 -5,173E-2 -0,261 -101,2 -181,2
2,800 -7,878E-2 -0,254 -107,3 -162,5
2,833 -9,929E-2 -0,245 -112,0 -133,2
2,867 -0,116 -0,237 -116,1 -105,1
2,900 -0,127 -0,229 -119,0 -81,7
2,933 -0,137 -0,223 -121,6 -54,7
2,967 -0,141 -0,219 -122,7 -11,6
3,000 -0,139 -0,219 -122,4 20,7
3,033 -0,134 -0,221 -121,3 31,8
3,067 -0,131 -0,225 -120,2 57,1
3,100 -0,121 -0,232 -117,5 74,9
3,133 -0,112 -0,237 -115,3 99,2
3,167 -9,340E-2 -0,245 -110,9 146,9
3,200 -7,021E-2 -0,254 -105,5 168,2
3,233 -4,457E-2 -0,261 -99,69 164,3
3,267 -2,072E-2 -0,263 -94,50 178,4
3,300 1,028E-2 -0,266 -87,79 177,4
3,333 3,377E-2 -0,263 -82,68 172,6
3,367 6,353E-2 -0,260 -76,28 177,2
3,400 8,811E-2 -0,254 -70,86 147,5
3,433 0,108 -0,247 -66,45 127,7
3,467 0,125 -0,239 -62,35 101,0
3,500 0,136 -0,233 -59,71 75,6
3,533 0,146 -0,228 -57,31 47,1
3,567 0,149 -0,226 -56,57 10,6
3,600 0,149 -0,226 -56,61 -29,4
3,633 0,140 -0,229 -58,53 -46,2
3,667 0,137 -0,234 -59,68 -44,1
3,700 0,128 -0,236 -61,47 -84,9
3,733 0,111 -0,242 -65,34 -155,6
3,767 8,374E-2 -0,255 -71,84 
3,800    
3,833 2,864E-2 -0,265 -83,83 
3,867 2,307E-3 -0,266 -89,50 -178,2
3,900 -2,640E-2 -0,264 -95,71 -182,4
3,933 -5,366E-2 -0,260 -101,7 -158,5
3,967 -7,406E-2 -0,254 -106,3 -134,8
4,000 -9,281E-2 -0,246 -110,6 -110,4
4,033 -0,104 -0,238 -113,6 -91,9
4,067 -0,117 -0,232 -116,8 -100,3
4,100 -0,133 -0,228 -120,3 -51,7
4,133 -0,131 -0,226 -120,2 1,3
4,167 -0,131 -0,225 -120,2 14,4
4,200 -0,128 -0,228 -119,3 16,9
4,233 -0,129 -0,232 -119,1 67,5
4,267 -0,110 -0,238 -114,8 98,5
4,300 -0,101 -0,243 -112,5 114,3
4,333 -7,706E-2 -0,250 -107,1 156,2
4,367 -5,501E-2 -0,256 -102,1 152,1
4,400 -3,199E-2 -0,260 -97,00 156,5
4,433 -7,805E-3 -0,263 -91,70 157,7
4,467 1,617E-2 -0,263 -86,49 158,5
4,500 4,077E-2 -0,261 -81,14 163,1
4,533 6,589E-2 -0,257 -75,62 152,4
4,567 8,667E-2 -0,251 -70,98 123,7
4,600 0,102 -0,245 -67,37 106,3
4,633 0,117 -0,238 -63,89 101,1
4,667 0,131 -0,233 -60,63 71,6
4,700 0,137 -0,229 -59,12 29,8
4,733 0,139 -0,228 -58,64 2,4
4,767 0,138 -0,229 -58,96 -17,9
4,800 0,135 -0,232 -59,84 -50,2
4,833 0,124 -0,237 -62,30 -93,6
4,867 0,109 -0,246 -66,08 -119,0
4,900 9,087E-2 -0,253 -70,24 -137,4
4,933 6,834E-2 -0,259 -75,24 -144,3
4,967 4,719E-2 -0,264 -79,86 -156,7
5,000 2,011E-2 -0,267 -85,69 -169,9
5,033 -5,515E-3 -0,267 -91,19 -171,9
5,067 -3,315E-2 -0,264 -97,15 -168,7
5,100 -5,728E-2 -0,260 -102,4 -147,8
5,133 -7,759E-2 -0,254 -107,0 -127,7
5,167 -9,466E-2 -0,247 -110,9 -104,9
5,200 -0,107 -0,241 -114,0 -86,3
5,233 -0,118 -0,235 -116,7 -68,2
5,267 -0,126 -0,232 -118,5 
