	mass A				
t	x	y	θ	ω	
1.733	0.154	-0.146	-43.4	
1.767	0.154	-0.146	-43.5	-2.0
1.800	0.154	-0.146	-43.6	-1.8
1.833	0.154	-0.146	-43.6	-1.6
1.867	0.153	-0.146	-43.7	-3.2
1.900	0.153	-0.147	-43.8	-20.0
1.933	0.149	-0.149	-45.0	-48.1
1.967	0.145	-0.155	-47.0	-100.6
2.000	0.132	-0.167	-51.7	-174.2
2.033	0.111	-0.182	-58.7	-220.4
2.067	8.465E-2	-0.194	-66.4	-250.0
2.100	5.351E-2	-0.204	-75.3	-278.0
2.133	1.860E-2	-0.210	-84.9	-291.4
2.167	-1.746E-2	-0.210	-94.7	-290.2
2.200	-5.205E-2	-0.204	-104.3	-273.2
2.233	-8.214E-2	-0.194	-113.0	-244.9
2.267	-0.107	-0.181	-120.6	-213.4
2.300	-0.127	-0.167	-127.2	-177.4
2.333	-0.142	-0.156	-132.4	-123.1
2.367	-0.150	-0.148	-135.4	-59.2
2.400	-0.153	-0.146	-136.4	1.3
2.433	-0.150	-0.149	-135.3	62.0
2.467	-0.142	-0.156	-132.3	130.8
2.500	-0.124	-0.168	-126.6	178.6
2.533	-0.106	-0.180	-120.4	205.0
2.567	-8.162E-2	-0.193	-112.9	239.7
2.600	-5.210E-2	-0.203	-104.4	268.2
2.633	-1.841E-2	-0.209	-95.0	276.0
2.667	1.475E-2	-0.210	-86.0	279.3
2.700	4.947E-2	-0.205	-76.4	273.9
2.733	8.010E-2	-0.195	-67.7	240.4
2.767	0.105	-0.184	-60.4	207.5
2.800	0.125	-0.171	-53.9	159.4
2.833	0.136	-0.160	-49.8	110.5
2.867	0.144	-0.152	-46.5	62.3
2.900	0.147	-0.150	-45.6	4.6
2.933	0.145	-0.152	-46.2	-59.1
2.967	0.136	-0.159	-49.5	-127.8
3.000	0.120	-0.170	-54.7	-160.0
3.033	0.105	-0.183	-60.2	-188.9
3.067	8.160E-2	-0.195	-67.3	-234.6
3.100	5.161E-2	-0.205	-75.8	-271.5
3.133	1.681E-2	-0.210	-85.4	-287.3
3.167	-1.837E-2	-0.210	-95.0	-283.3
3.200	-5.210E-2	-0.204	-104.3	-267.4
3.233	-8.160E-2	-0.194	-112.8	-241.3
3.267	-0.106	-0.181	-120.4	-205.1
3.300	-0.124	-0.168	-126.5	-177.6
3.333	-0.142	-0.157	-132.2	-130.1
3.367	-0.151	-0.150	-135.2	-54.0
3.400	-0.151	-0.147	-135.8	6.6
3.433	-0.149	-0.150	-134.7	65.5
3.467	-0.140	-0.158	-131.5	136.6
3.500	-0.121	-0.169	-125.6	183.8
3.533	-0.102	-0.182	-119.2	204.7
3.567	-7.848E-2	-0.194	-112.0	233.7
3.600	-4.951E-2	-0.204	-103.6	260.1
3.633	-1.699E-2	-0.209	-94.6	273.7
3.667	1.689E-2	-0.209	-85.4	273.7
3.700	4.948E-2	-0.204	-76.4	253.8
3.733	7.742E-2	-0.196	-68.5	234.3
3.767	0.103	-0.185	-60.8	203.6
3.800	0.121	-0.173	-54.9	147.9
3.833	0.132	-0.162	-50.9	103.6
3.867	0.140	-0.155	-48.0	58.2
3.900	0.143	-0.153	-47.0	-0.4
3.933	0.140	-0.155	-48.0	-68.6
3.967	0.129	-0.163	-51.6	-123.0
4.000	0.116	-0.173	-56.2	-145.1
4.033	0.102	-0.185	-61.3	-180.9
4.067	7.826E-2	-0.196	-68.3	-237.6
4.100	4.706E-2	-0.206	-77.1	-270.4
4.133	1.358E-2	-0.210	-86.3	-279.1
4.167	-2.102E-2	-0.209	-95.7	-275.2
4.200	-5.324E-2	-0.204	-104.7	-259.8
4.233	-8.210E-2	-0.193	-113.1	-241.2
4.267	-0.107	-0.180	-120.7	-214.2
4.300	-0.128	-0.168	-127.3	-170.3
4.333	-0.142	-0.157	-132.1	-112.9
4.367	-0.150	-0.151	-134.9	-52.0
4.400	-0.152	-0.149	-135.6	11.6
4.433	-0.147	-0.152	-134.1	74.0
4.467	-0.138	-0.160	-130.6	138.6
4.500	-0.119	-0.171	-124.8	182.3
4.533	-9.980E-2	-0.184	-118.5	209.8
4.567	-7.470E-2	-0.196	-110.9	237.3
4.600	-4.594E-2	-0.205	-102.6	258.0
4.633	-1.337E-2	-0.209	-93.7	269.4
4.667	1.948E-2	-0.209	-84.7	260.6
4.700	4.996E-2	-0.205	-76.3	249.6
4.733	7.895E-2	-0.196	-68.0	226.9
4.767	0.102	-0.185	-61.2	186.6
4.800	0.119	-0.174	-55.6	136.8
4.833	0.128	-0.165	-52.0	82.5
4.867	0.132	-0.158	-50.1	36.8
4.900	0.134	-0.157	-49.6	0.2
4.933	0.133	-0.160	-50.1	-52.1
4.967	0.125	-0.167	-53.1	-92.0
5.000	0.118	-0.176	-56.2	-119.6
5.033	0.102	-0.184	-61.0	-177.6
5.067	7.823E-2	-0.194	-68.1	-253.5
5.100	4.397E-2	-0.206	-77.9	-301.5
5.133	6.755E-3	-0.210	-88.2	-276.0
5.167	-2.310E-2	-0.208	-96.3	-257.1
5.200	-5.518E-2	-0.202	-105.3	-258.3
5.233	-8.339E-2	-0.191	-113.5	-228.5
5.267	-0.105	-0.179	-120.5	-190.9
5.300	-0.122	-0.167	-126.3	-152.3
5.333	-0.135	-0.157	-130.7	-118.7
5.367	-0.147	-0.151	-134.2	-63.3
5.400	-0.151	-0.151	-134.9	22.5
5.433	-0.144	-0.156	-132.7	102.0
5.467	-0.128	-0.163	-128.1	149.7
5.500	-0.112	-0.174	-122.7	176.6
5.533	-9.225E-2	-0.186	-116.3	210.2
5.567	-6.685E-2	-0.198	-108.7	238.6
5.600	-3.783E-2	-0.206	-100.4	256.1
5.633	-5.938E-3	-0.210	-91.6	264.2
5.667	2.628E-2	-0.208	-82.8	257.2
5.700	5.641E-2	-0.203	-74.5	238.8
5.733	8.289E-2	-0.194	-66.9	202.7
5.767	0.103	-0.185	-61.0	148.6
5.800	0.114	-0.175	-57.0	110.8
5.833	0.123	-0.166	-53.6	83.7
5.867	0.129	-0.161	-51.4	37.0
5.900	0.129	-0.160	-51.1	-17.0
5.933	0.126	-0.164	-52.5	-47.9
5.967	0.123	-0.171	-54.3	-80.9
6.000	0.112	-0.179	-57.9	-169.2
6.033	8.738E-2	-0.193	-65.6	-242.5
6.067	5.749E-2	-0.202	-74.1	-235.6
6.100	3.206E-2	-0.209	-81.3	-237.9
6.133	1.341E-4	-0.211	-90.0	-263.7
6.167	-3.260E-2	-0.209	-98.9	-258.6
6.200	-6.247E-2	-0.202	-107.2	-242.1
6.233	-8.905E-2	-0.191	-115.0	-221.3
6.267	-0.111	-0.178	-122.0	-195.8
6.300	-0.131	-0.167	-128.1	
