 masa A    
t x y θr ω 
0,167 5,192E-2 -0,295 -80,01 -7,3
0,200 4,983E-2 -0,295 -80,41 -17,8
0,233 4,564E-2 -0,295 -81,20 -25,0
0,267 4,110E-2 -0,295 -82,08 -28,6
0,300 3,577E-2 -0,296 -83,10 -53,6
0,333 2,253E-2 -0,296 -85,65 -58,9
0,367 1,539E-2 -0,296 -87,03 -42,8
0,400 7,743E-3 -0,296 -88,50 -43,9
0,433 2,465E-4 -0,296 -89,95 -44,6
0,467 -7,612E-3 -0,296 -91,47 -43,8
0,500 -1,480E-2 -0,295 -92,87 -40,4
0,533 -2,150E-2 -0,295 -94,17 -35,8
0,567 -2,706E-2 -0,294 -95,25 -30,2
0,600 -3,181E-2 -0,294 -96,18 -24,1
0,633 -3,528E-2 -0,293 -96,86 -16,9
0,667 -3,758E-2 -0,293 -97,31 -10,5
0,700 -3,887E-2 -0,293 -97,56 -3,8
0,733 -3,888E-2 -0,293 -97,56 4,8
0,767 -3,725E-2 -0,293 -97,24 13,1
0,800 -3,444E-2 -0,294 -96,69 18,4
0,833 -3,097E-2 -0,294 -96,02 25,4
0,867 -2,576E-2 -0,294 -95,00 31,5
0,900 -2,018E-2 -0,295 -93,92 38,2
0,933 -1,267E-2 -0,296 -92,45 40,4
0,967 -6,316E-3 -0,296 -91,22 39,9
1,000 1,066E-3 -0,296 -89,79 42,6
1,033 8,371E-3 -0,296 -88,38 42,0
1,067 1,555E-2 -0,296 -86,99 40,2
1,100 2,226E-2 -0,296 -85,70 37,1
1,133 2,837E-2 -0,296 -84,52 52,8
1,167 4,059E-2 -0,296 -82,18 49,8
1,200 4,575E-2 -0,296 -81,20 20,9
1,233 4,783E-2 -0,295 -80,78 -7,7
1,267 4,285E-2 -0,294 -81,71 7,6
1,300 5,037E-2 -0,294 -80,28 19,0
1,333 4,947E-2 -0,294 -80,45 -8,8
1,367 4,734E-2 -0,294 -80,86 -17,0
1,400 4,356E-2 -0,294 -81,58 -23,6
1,433 3,915E-2 -0,295 -82,43 -28,5
1,467 3,376E-2 -0,295 -83,48 -33,3
1,500 2,767E-2 -0,296 -84,65 -57,4
1,533 1,392E-2 -0,295 -87,30 -60,4
1,567 6,806E-3 -0,295 -88,68 -42,1
1,600 -5,651E-4 -0,295 -90,11 -42,1
1,633 -7,653E-3 -0,295 -91,49 -40,8
1,667 -1,455E-2 -0,295 -92,83 -38,8
1,700 -2,095E-2 -0,294 -94,07 -34,6
1,733 -2,639E-2 -0,294 -95,13 -29,0
1,767 -3,084E-2 -0,293 -96,01 -22,9
1,800 -3,419E-2 -0,293 -96,66 -16,9
1,833 -3,662E-2 -0,293 -97,13 -9,5
1,867 -3,741E-2 -0,292 -97,29 -1,5
1,900 -3,712E-2 -0,292 -97,24 5,5
1,933 -3,556E-2 -0,293 -96,93 13,0
1,967 -3,274E-2 -0,293 -96,37 19,9
2,000 -2,876E-2 -0,294 -95,60 25,4
2,033 -2,406E-2 -0,294 -94,68 49,8
2,067 -1,174E-2 -0,295 -92,28 53,7
2,100 -5,652E-3 -0,295 -91,10 38,4
2,133 1,461E-3 -0,296 -89,72 23,3
2,167 2,357E-3 -0,296 -89,54 24,0
2,200 9,703E-3 -0,295 -88,12 40,2
2,233 1,616E-2 -0,295 -86,87 37,5
2,267 2,264E-2 -0,295 -85,62 36,0
2,300 2,859E-2 -0,295 -84,46 51,6
2,333 4,050E-2 -0,295 -82,18 48,3
2,367 4,545E-2 -0,295 -81,24 21,0
2,400 4,787E-2 -0,295 -80,78 11,7
2,433 4,946E-2 -0,294 -80,47 5,4
2,467 4,970E-2 -0,294 -80,42 -2,7
2,500 4,852E-2 -0,295 -80,64 -9,7
2,533 4,635E-2 -0,295 -81,07 -35,3
2,567 3,617E-2 -0,294 -82,99 -23,3
2,600 3,827E-2 -0,295 -82,62 0,3
2,633 3,616E-2 -0,293 -82,97 -36,9
2,667 2,552E-2 -0,296 -85,08 -65,8
2,700 1,368E-2 -0,297 -87,36 -55,4
2,733 6,386E-3 -0,297 -88,77 -26,7
2,767 4,435E-3 -0,296 -89,14 -16,2
2,800 7,881E-4 -0,297 -89,85 -39,3
2,833 -9,103E-3 -0,296 -91,76 -31,3
2,867 -9,897E-3 -0,293 -91,94 -22,7
2,900 -1,687E-2 -0,295 -93,28 -37,7
2,933 -2,284E-2 -0,293 -94,45 -27,7
2,967 -2,628E-2 -0,293 -95,13 -15,7
3,000 -2,820E-2 -0,293 -95,50 -8,2
3,033 -2,909E-2 -0,293 -95,68 -0,9
3,067 -2,851E-2 -0,293 -95,56 7,0
3,100 -2,672E-2 -0,293 -95,21 13,9
3,133 -2,379E-2 -0,294 -94,63 20,5
3,167 -1,974E-2 -0,294 -93,84 26,4
3,200 -1,477E-2 -0,294 -92,87 29,6
3,233 -9,639E-3 -0,295 -91,87 33,0
3,267 -3,453E-3 -0,295 -90,67 38,4
3,300 3,531E-3 -0,295 -89,32 39,7
3,333 1,018E-2 -0,295 -88,03 39,3
3,367 1,708E-2 -0,295 -86,69 39,7
3,400 2,388E-2 -0,295 -85,38 39,2
3,433 3,060E-2 -0,295 -84,08 34,2
3,467 3,570E-2 -0,295 -83,09 29,8
3,500 4,092E-2 -0,295 -82,09 24,8
3,533 4,429E-2 -0,294 -81,44 18,0
3,567 4,714E-2 -0,294 -80,89 12,2
3,600 4,851E-2 -0,294 -80,63 -15,5
3,633 4,163E-2 -0,294 -81,93 -22,5
3,667 4,059E-2 -0,294 -82,13 -10,1
3,700 3,817E-2 -0,294 -82,60 -17,2
3,733 3,468E-2 -0,294 -83,27 -5,7
3,767 3,627E-2 -0,295 -82,98 -11,1
3,800 3,092E-2 -0,295 -84,01 -33,6
3,833 2,468E-2 -0,295 -85,22 -37,5
3,867 1,800E-2 -0,295 -86,51 -38,5
3,900 1,143E-2 -0,295 -87,78 -39,1
3,933 4,552E-3 -0,295 -89,12 -58,7
3,967 -8,718E-3 -0,295 -91,69 -57,4
4,000 -1,513E-2 -0,294 -92,94 -34,5
4,033 -2,052E-2 -0,294 -93,99 -29,8
4,067 -2,532E-2 -0,293 -94,93 -25,2
4,100 -2,911E-2 -0,293 -95,67 -19,9
4,133 -3,209E-2 -0,293 -96,26 5,7
4,167 -2,715E-2 -0,293 -95,29 12,6
4,200 -2,777E-2 -0,293 -95,42 0,1
4,233 -2,710E-2 -0,293 -95,29 -12,1
4,267 -3,191E-2 -0,293 -96,22 -5,6
4,300 -2,903E-2 -0,293 -95,66 20,2
4,333 -2,504E-2 -0,294 -94,88 25,8
4,367 -2,024E-2 -0,294 -93,94 30,7
4,400 -1,456E-2 -0,294 -92,83 35,0
4,433 -8,256E-3 -0,295 -91,60 37,2
4,467 -1,815E-3 -0,295 -90,35 38,3
4,500 4,909E-3 -0,295 -89,05 38,7
4,533 1,149E-2 -0,295 -87,77 37,8
4,567 1,792E-2 -0,295 -86,52 35,9
4,600 2,384E-2 -0,295 -85,38 32,6
4,633 2,917E-2 -0,295 -84,35 28,9
4,667 3,380E-2 -0,294 -83,45 23,6
4,700 3,729E-2 -0,294 -82,78 16,8
4,733 3,958E-2 -0,294 -82,33 10,0
4,767 4,072E-2 -0,294 -82,11 3,1
4,800 4,063E-2 -0,294 -82,12 -3,8
4,833 3,938E-2 -0,294 -82,37 -11,1
4,867 3,684E-2 -0,294 -82,86 